

 Wavenumbers:   820. - 50000. cm-1, ATM      1
 LEVEL PRESSURE   UPWARD FLUX   DIFDOWN FLUX  DIRDOWN FLUX  DOWNWARD FLUX   NET FLUX    HEATING RATE
          mb          W/m2          W/m2          W/m2        W/m2          W/m2       degree/day
  60   .000300      409.8491        0.0000      837.8224      837.8224     427.973266       0.00000
  59    0.1000      409.8454        0.0120      837.7137      837.7257     427.880312       7.86806
  58    0.1403      409.8442        0.0168      837.6563      837.6732     427.828963      10.75295
  57    0.1968      409.8428        0.0236      837.5614      837.5850     427.742163      12.96500
  56    0.2760      409.8414        0.0330      837.4070      837.4401     427.598631      15.29394
  55    0.3871      409.8401        0.0462      837.1641      837.2102     427.370151      17.35536
  54    0.5430      409.8393        0.0643      836.7876      836.8519     427.012634      19.35302
  53    0.7617      409.8406        0.0892      836.1942      836.2834     426.442799      21.98868
  52     1.069      409.8468        0.1235      835.2926      835.4161     425.569316      24.02687
  51     1.499      409.8632        0.1696      834.0471      834.2167     424.353479      23.84529
  50     2.102      409.9013        0.2319      832.4995      832.7314     422.830178      21.29781
  49     2.949      409.9825        0.3190      830.7483      831.0673     421.084793      17.39849
  48     4.137      410.1331        0.4402      828.8944      829.3346     419.201482      13.38291
  47     5.803      410.3703        0.6084      826.9459      827.5543     417.183994      10.22022
  46     8.139      410.6951        0.8424      824.8978      825.7403     415.045167       7.72452
  45     11.42      411.0980        1.1683      822.7006      823.8689     412.770835       5.85558
  44     16.01      411.5794        1.6211      820.2525      821.8735     410.294085       4.54611
  43     22.46      412.1419        2.2512      817.4463      819.6975     407.555600       3.58341
  42     31.51      412.7319        3.1284      814.2518      817.3801     404.648195       2.71221
  41     44.20      413.2320        4.3515      810.6480      814.9995     401.767516       1.91576
  40     62.00      413.5789        6.0416      806.4553      812.4969     398.917965       1.35101
  39     85.78      413.5914        8.2741      801.7674      810.0415     396.450148       0.87597
  38     109.5      413.3654       10.5152      797.4817      807.9969     394.631537       0.64553
  37     133.1      413.0824       12.6396      793.5510      806.1906     393.108180       0.54706
  36     156.8      412.7725       14.6759      789.8548      804.5307     391.758227       0.47869
  35     180.6      412.3954       16.8103      786.0084      802.8187     390.423320       0.47392
  34     202.8      411.9857       18.8378      782.2124      801.0501     389.064465       0.51593
  33     228.4      411.5462       20.8767      778.0467      798.9235     387.377237       0.55668
  32     252.2      411.0949       22.8921      773.4741      796.3662     385.271302       0.74752
  31     276.0      410.6395       24.8562      768.4389      793.2951     382.655601       0.92847
  30     299.8      410.1769       26.8081      762.7642      789.5723     379.395353       1.15725
  29     323.5      409.7190       28.7363      756.6288      785.3651     375.646023       1.33086
  28     347.3      409.2750       30.6205      750.2254      780.8459     371.570925       1.44649
  27     371.1      408.8477       32.4550      743.7251      776.1801     367.332412       1.50450
  26     394.9      408.4301       34.2893      736.8957      771.1851     362.754920       1.62482
  25     418.6      408.0342       36.0935      729.8721      765.9656     357.931326       1.71218
  24     442.4      407.6645       37.8708      722.6783      760.5490     352.884534       1.79140
  23     466.2      407.3222       39.6276      715.4381      755.0657     347.743478       1.82486
  22     489.9      407.0183       41.3406      708.2772      749.6178     342.599458       1.82592
  21     513.7      406.7562       43.0397      701.0441      744.0838     337.327570       1.87130
  20     537.5      406.5499       44.6994      693.8325      738.5318     331.981986       1.89746
  19     561.3      406.4087       46.3232      686.6319      732.9551     326.546384       1.92941
  18     585.0      406.3363       47.9467      679.3701      727.3168     320.980514       1.97565
  17     608.8      406.3422       49.5319      672.2525      721.7844     315.442244       1.96586
  16     632.6      406.4385       51.0802      665.2624      716.3425     309.904023       1.96584
  15     656.4      406.6539       52.6234      658.1915      710.8148     304.160891       2.03858
  14     680.1      407.0215       54.1306      651.1209      705.2515     298.230016       2.10522
  13     703.9      407.5748       55.6028      644.0582      699.6610     292.086186       2.18081
  12     727.7      408.3765       57.0622      636.8758      693.9380     285.561585       2.31596
  11     751.5      409.5267       58.5079      629.4911      687.9990     278.472333       2.51639
  10     775.2      411.1293       59.9221      621.9804      681.9024     270.773176       2.73288
   9     799.0      413.3530       61.3048      614.3441      675.6489     262.295897       3.00908
   8     822.8      305.8700      290.6715      269.2754      559.9469     254.076810       2.91744
   7     846.6      207.5671      337.2983      118.0666      455.3649     247.797799       2.22879
   6     870.4      113.7321      305.2458       51.7850      357.0308     243.298771       1.59697
   5     894.1       21.9756      239.6767       22.7214      262.3981     240.422540       1.02094
   4     917.9       21.5804      237.4774       22.4603      259.9377     238.357320       0.73307
   3     941.7       21.1924      235.3258       22.2044      257.5302     236.337786       0.71685
   2     965.5       20.8159      233.2298       21.9548      255.1846     234.368672       0.69895
   1     989.2       20.4529      231.1852       21.7115      252.8967     232.443718       0.68314
   0    1013.0       20.1060      229.1877       21.4738      250.6615     230.555543       0.67037



 Wavenumbers:  2600. -  3250. cm-1, ATM      1
 LEVEL PRESSURE   UPWARD FLUX   DIFDOWN FLUX  DIRDOWN FLUX  DOWNWARD FLUX   NET FLUX    HEATING RATE
          mb          W/m2          W/m2          W/m2        W/m2          W/m2       degree/day
  60   .000300        1.8041        0.0000        7.3841        7.3841       5.580020       0.00000
  59    0.1000        1.8041        0.0000        7.3840        7.3840       5.579947       0.00613
  58    0.1403        1.8041        0.0000        7.3840        7.3840       5.579918       0.00614
  57    0.1968        1.8041        0.0000        7.3839        7.3839       5.579877       0.00616
  56    0.2760        1.8041        0.0000        7.3839        7.3839       5.579819       0.00613
  55    0.3871        1.8041        0.0000        7.3838        7.3838       5.579735       0.00642
  54    0.5430        1.8041        0.0000        7.3837        7.3837       5.579609       0.00678
  53    0.7617        1.8041        0.0000        7.3835        7.3835       5.579412       0.00761
  52     1.069        1.8041        0.0000        7.3831        7.3831       5.579082       0.00908
  51     1.499        1.8041        0.0000        7.3825        7.3825       5.578474       0.01193
  50     2.102        1.8041        0.0000        7.3814        7.3814       5.577385       0.01522
  49     2.949        1.8041        0.0000        7.3795        7.3795       5.575499       0.01880
  48     4.137        1.8040        0.0000        7.3765        7.3765       5.572485       0.02142
  47     5.803        1.8041        0.0000        7.3721        7.3721       5.568054       0.02245
  46     8.139        1.8041        0.0000        7.3661        7.3661       5.562045       0.02170
  45     11.42        1.8041        0.0000        7.3586        7.3586       5.554538       0.01933
  44     16.01        1.8041        0.0000        7.3500        7.3500       5.545959       0.01575
  43     22.46        1.8041        0.0000        7.3407        7.3407       5.536637       0.01220
  42     31.51        1.8041        0.0000        7.3297        7.3297       5.525660       0.01024
  41     44.20        1.8041        0.0000        7.3134        7.3134       5.509284       0.01089
  40     62.00        1.8042        0.0000        7.2860        7.2860       5.481824       0.01302
  39     85.78        1.8044        0.0000        7.2438        7.2439       5.439532       0.01501
  38     109.5        1.8046        0.0000        7.1969        7.1970       5.392402       0.01673
  37     133.1        1.8048        0.0001        7.1517        7.1518       5.347009       0.01630
  36     156.8        1.8051        0.0001        7.1092        7.1093       5.304233       0.01517
  35     180.6        1.8054        0.0001        7.0662        7.0663       5.260862       0.01540
  34     202.8        1.8058        0.0001        7.0262        7.0263       5.220404       0.01536
  33     228.4        1.8065        0.0001        6.9846        6.9847       5.178262       0.01390
  32     252.2        1.8074        0.0001        6.9407        6.9408       5.133432       0.01591
  31     276.0        1.8085        0.0001        6.8941        6.8942       5.085739       0.01693
  30     299.8        1.8100        0.0001        6.8424        6.8426       5.032543       0.01888
  29     323.5        1.8120        0.0001        6.7849        6.7851       4.973070       0.02111
  28     347.3        1.8145        0.0001        6.7206        6.7208       4.906289       0.02370
  27     371.1        1.8175        0.0002        6.6496        6.6497       4.832257       0.02628
  26     394.9        1.8212        0.0002        6.5676        6.5677       4.746559       0.03042
  25     418.6        1.8257        0.0002        6.4741        6.4743       4.648632       0.03476
  24     442.4        1.8311        0.0002        6.3671        6.3673       4.536257       0.03989
  23     466.2        1.8374        0.0002        6.2486        6.2487       4.411306       0.04435
  22     489.9        1.8449        0.0002        6.1205        6.1207       4.275788       0.04810
  21     513.7        1.8538        0.0002        5.9812        5.9814       4.127599       0.05260
  20     537.5        1.8643        0.0002        5.8338        5.8340       3.969693       0.05605
  19     561.3        1.8767        0.0002        5.6819        5.6821       3.805362       0.05833
  18     585.0        1.8913        0.0002        5.5274        5.5276       3.636352       0.05999
  17     608.8        1.9080        0.0002        5.3761        5.3763       3.468298       0.05965
  16     632.6        1.9272        0.0002        5.2281        5.2283       3.301154       0.05933
  15     656.4        1.9500        0.0002        5.0791        5.0793       3.129334       0.06099
  14     680.1        1.9771        0.0002        4.9299        4.9301       2.953025       0.06258
  13     703.9        2.0095        0.0002        4.7798        4.7800       2.770536       0.06478
  12     727.7        2.0493        0.0002        4.6253        4.6255       2.576221       0.06897
  11     751.5        2.0996        0.0002        4.4633        4.4635       2.363922       0.07536
  10     775.2        2.1634        0.0002        4.2949        4.2951       2.131652       0.08245
   9     799.0        2.2461        0.0002        4.1205        4.1208       1.874687       0.09121
   8     822.8        1.5881        1.4636        1.7501        3.2137       1.625648       0.08840
   7     846.6        1.0354        1.7293        0.7435        2.4728       1.437398       0.06682
   6     870.4        0.5407        1.5291        0.3161        1.8452       1.304509       0.04717
   5     894.1        0.0747        1.1611        0.1345        1.2955       1.220868       0.02969
   4     917.9        0.0767        1.1097        0.1289        1.2386       1.161899       0.02093
   3     941.7        0.0790        1.0609        0.1236        1.1845       1.105476       0.02003
   2     965.5        0.0817        1.0145        0.1185        1.1330       1.051352       0.01921
   1     989.2        0.0848        0.9703        0.1137        1.0840       0.999248       0.01849
   0    1013.0        0.0884        0.9281        0.1091        1.0372       0.948776       0.01792



 Wavenumbers:  3250. -  4000. cm-1, ATM      1
 LEVEL PRESSURE   UPWARD FLUX   DIFDOWN FLUX  DIRDOWN FLUX  DOWNWARD FLUX   NET FLUX    HEATING RATE
          mb          W/m2          W/m2          W/m2        W/m2          W/m2       degree/day
  60   .000300        0.0227        0.0000       12.4485       12.4485      12.425737       0.00000
  59    0.1000        0.0227        0.0000       12.4290       12.4290      12.406235       1.65079
  58    0.1403        0.0227        0.0000       12.4252       12.4252      12.402520       0.77776
  57    0.1968        0.0227        0.0000       12.4208       12.4208      12.398048       0.66803
  56    0.2760        0.0227        0.0000       12.4156       12.4156      12.392885       0.55013
  55    0.3871        0.0227        0.0000       12.4096       12.4096      12.386852       0.45825
  54    0.5430        0.0227        0.0000       12.4022       12.4022      12.379524       0.39669
  53    0.7617        0.0227        0.0000       12.3928       12.3928      12.370064       0.36506
  52     1.069        0.0227        0.0000       12.3807       12.3807      12.358023       0.33119
  51     1.499        0.0227        0.0000       12.3664       12.3664      12.343666       0.28159
  50     2.102        0.0227        0.0000       12.3498       12.3498      12.327032       0.23256
  49     2.949        0.0227        0.0000       12.3302       12.3302      12.307497       0.19473
  48     4.137        0.0227        0.0000       12.3067       12.3068      12.284032       0.16675
  47     5.803        0.0227        0.0000       12.2766       12.2766      12.253914       0.15257
  46     8.139        0.0227        0.0000       12.2347       12.2348      12.212046       0.15121
  45     11.42        0.0227        0.0000       12.1733       12.1733      12.150633       0.15812
  44     16.01        0.0227        0.0000       12.0830       12.0830      12.060322       0.16577
  43     22.46        0.0227        0.0000       11.9527       11.9527      11.930032       0.17049
  42     31.51        0.0227        0.0000       11.7748       11.7748      11.752147       0.16594
  41     44.20        0.0227        0.0001       11.5551       11.5552      11.532510       0.14607
  40     62.00        0.0226        0.0001       11.3050       11.3051      11.282442       0.11856
  39     85.78        0.0226        0.0001       11.0142       11.0143      10.991654       0.10322
  38     109.5        0.0226        0.0001       10.7175       10.7176      10.695033       0.10529
  37     133.1        0.0226        0.0002       10.4459       10.4460      10.423487       0.09752
  36     156.8        0.0225        0.0002       10.1944       10.1946      10.172098       0.08914
  35     180.6        0.0225        0.0002        9.9218        9.9220       9.899539       0.09676
  34     202.8        0.0225        0.0002        9.5970        9.5973       9.574768       0.12331
  33     228.4        0.0225        0.0002        9.1820        9.1823       9.159826       0.13690
  32     252.2        0.0225        0.0003        8.7004        8.7006       8.678176       0.17097
  31     276.0        0.0225        0.0003        8.1693        8.1695       8.147085       0.18852
  30     299.8        0.0225        0.0003        7.5886        7.5889       7.566403       0.20612
  29     323.5        0.0225        0.0003        6.9823        6.9825       6.960022       0.21524
  28     347.3        0.0226        0.0003        6.3629        6.3631       6.340528       0.21989
  27     371.1        0.0227        0.0002        5.7699        5.7701       5.747437       0.21052
  26     394.9        0.0229        0.0002        5.2041        5.2043       5.181430       0.20091
  25     418.6        0.0231        0.0002        4.6962        4.6964       4.673282       0.18037
  24     442.4        0.0234        0.0002        4.2409        4.2411       4.217687       0.16172
  23     466.2        0.0239        0.0002        3.8328        3.8330       3.809100       0.14503
  22     489.9        0.0244        0.0002        3.4648        3.4650       3.440615       0.13080
  21     513.7        0.0252        0.0002        3.1218        3.1220       3.096825       0.12203
  20     537.5        0.0261        0.0002        2.8040        2.8042       2.778051       0.11315
  19     561.3        0.0274        0.0002        2.5083        2.5084       2.481045       0.10542
  18     585.0        0.0290        0.0001        2.2301        2.2302       2.201226       0.09932
  17     608.8        0.0311        0.0001        1.9731        1.9732       1.942143       0.09196
  16     632.6        0.0337        0.0001        1.7337        1.7338       1.700148       0.08590
  15     656.4        0.0372        0.0001        1.5041        1.5042       1.467002       0.08276
  14     680.1        0.0420        0.0001        1.2888        1.2889       1.246885       0.07813
  13     703.9        0.0484        0.0001        1.0908        1.0909       1.042403       0.07258
  12     727.7        0.0577        0.0001        0.9082        0.9083       0.850556       0.06810
  11     751.5        0.0716        0.0001        0.7390        0.7391       0.667517       0.06497
  10     775.2        0.0929        0.0000        0.5856        0.5857       0.492733       0.06204
   9     799.0        0.1275        0.0000        0.4484        0.4484       0.320905       0.06099
   8     822.8        0.0628        0.0949        0.1461        0.2410       0.178196       0.05066
   7     846.6        0.0290        0.0767        0.0463        0.1231       0.094066       0.02986
   6     870.4        0.0111        0.0452        0.0143        0.0595       0.048421       0.01620
   5     894.1        0.0000        0.0223        0.0043        0.0265       0.026540       0.00777
   4     917.9        0.0000        0.0130        0.0028        0.0158       0.015755       0.00383
   3     941.7        0.0000        0.0072        0.0017        0.0089       0.008857       0.00245
   2     965.5        0.0000        0.0037        0.0010        0.0047       0.004704       0.00147
   1     989.2        0.0001        0.0018        0.0006        0.0024       0.002322       0.00085
   0    1013.0        0.0002        0.0008        0.0003        0.0011       0.000980       0.00048



 Wavenumbers:  4000. -  4650. cm-1, ATM      1
 LEVEL PRESSURE   UPWARD FLUX   DIFDOWN FLUX  DIRDOWN FLUX  DOWNWARD FLUX   NET FLUX    HEATING RATE
          mb          W/m2          W/m2          W/m2        W/m2          W/m2       degree/day
  60   .000300        6.0409        0.0000       14.6183       14.6183       8.577306       0.00000
  59    0.1000        6.0409        0.0000       14.6182       14.6182       8.577297       0.00076
  58    0.1403        6.0409        0.0000       14.6182       14.6182       8.577293       0.00077
  57    0.1968        6.0409        0.0000       14.6182       14.6182       8.577288       0.00077
  56    0.2760        6.0409        0.0000       14.6182       14.6182       8.577281       0.00076
  55    0.3871        6.0409        0.0000       14.6182       14.6182       8.577270       0.00080
  54    0.5430        6.0409        0.0000       14.6182       14.6182       8.577255       0.00085
  53    0.7617        6.0409        0.0000       14.6182       14.6182       8.577230       0.00095
  52     1.069        6.0409        0.0000       14.6181       14.6181       8.577188       0.00114
  51     1.499        6.0409        0.0000       14.6180       14.6181       8.577111       0.00152
  50     2.102        6.0409        0.0000       14.6179       14.6179       8.576970       0.00197
  49     2.949        6.0409        0.0000       14.6176       14.6177       8.576717       0.00253
  48     4.137        6.0409        0.0000       14.6172       14.6172       8.576287       0.00305
  47     5.803        6.0409        0.0000       14.6165       14.6165       8.575594       0.00351
  46     8.139        6.0409        0.0000       14.6154       14.6154       8.574510       0.00392
  45     11.42        6.0409        0.0001       14.6137       14.6138       8.572837       0.00431
  44     16.01        6.0409        0.0001       14.6112       14.6112       8.570299       0.00466
  43     22.46        6.0409        0.0001       14.6074       14.6075       8.566511       0.00496
  42     31.51        6.0410        0.0002       14.6017       14.6018       8.560836       0.00529
  41     44.20        6.0411        0.0002       14.5927       14.5929       8.551857       0.00597
  40     62.00        6.0412        0.0003       14.5788       14.5791       8.537879       0.00663
  39     85.78        6.0416        0.0004       14.5592       14.5597       8.518081       0.00703
  38     109.5        6.0421        0.0005       14.5382       14.5387       8.496581       0.00763
  37     133.1        6.0428        0.0006       14.5177       14.5184       8.475602       0.00753
  36     156.8        6.0435        0.0008       14.4977       14.4984       8.454922       0.00733
  35     180.6        6.0445        0.0009       14.4759       14.4768       8.432313       0.00803
  34     202.8        6.0456        0.0010       14.4536       14.4546       8.408999       0.00885
  33     228.4        6.0471        0.0011       14.4280       14.4291       8.382015       0.00890
  32     252.2        6.0491        0.0012       14.3983       14.3995       8.350455       0.01120
  31     276.0        6.0515        0.0013       14.3635       14.3649       8.313317       0.01318
  30     299.8        6.0547        0.0014       14.3217       14.3231       8.268373       0.01595
  29     323.5        6.0587        0.0015       14.2720       14.2736       8.214828       0.01901
  28     347.3        6.0637        0.0016       14.2129       14.2146       8.150855       0.02271
  27     371.1        6.0692        0.0018       14.1438       14.1455       8.076270       0.02647
  26     394.9        6.0755        0.0019       14.0605       14.0623       7.986763       0.03177
  25     418.6        6.0827        0.0020       13.9639       13.9659       7.883242       0.03675
  24     442.4        6.0907        0.0021       13.8548       13.8568       7.766143       0.04157
  23     466.2        6.0997        0.0022       13.7365       13.7387       7.638929       0.04516
  22     489.9        6.1099        0.0022       13.6136       13.6159       7.505950       0.04720
  21     513.7        6.1217        0.0023       13.4859       13.4883       7.366551       0.04948
  20     537.5        6.1353        0.0024       13.3568       13.3592       7.223882       0.05064
  19     561.3        6.1510        0.0025       13.2261       13.2286       7.077574       0.05193
  18     585.0        6.1695        0.0026       13.0915       13.0941       6.924589       0.05430
  17     608.8        6.1907        0.0027       12.9542       12.9569       6.766200       0.05622
  16     632.6        6.2150        0.0028       12.8109       12.8137       6.598692       0.05946
  15     656.4        6.2440        0.0028       12.6541       12.6569       6.412918       0.06594
  14     680.1        6.2786        0.0029       12.4832       12.4861       6.207555       0.07290
  13     703.9        6.3201        0.0030       12.2977       12.3007       5.980562       0.08057
  12     727.7        6.3715        0.0030       12.0950       12.0980       5.726508       0.09018
  11     751.5        6.4371        0.0031       11.8732       11.8763       5.439155       0.10200
  10     775.2        6.5218        0.0031       11.6374       11.6405       5.118690       0.11375
   9     799.0        6.6338        0.0032       11.3910       11.3942       4.760341       0.12720
   8     822.8        4.7915        4.2591        4.9451        9.2042       4.412714       0.12339
   7     846.6        3.1609        5.1642        2.1486        7.3128       4.151851       0.09260
   6     870.4        1.6411        4.6749        0.9345        5.6094       3.968289       0.06516
   5     894.1        0.1740        3.6197        0.4068        4.0266       3.852549       0.04108
   4     917.9        0.1760        3.5471        0.3991        3.9461       3.770197       0.02923
   3     941.7        0.1782        3.4764        0.3915        3.8679       3.689677       0.02858
   2     965.5        0.1808        3.4071        0.3842        3.7913       3.610485       0.02811
   1     989.2        0.1838        3.3390        0.3770        3.7160       3.532176       0.02779
   0    1013.0        0.1873        3.2719        0.3699        3.6418       3.454434       0.02760



 Wavenumbers:  4650. -  5150. cm-1, ATM      1
 LEVEL PRESSURE   UPWARD FLUX   DIFDOWN FLUX  DIRDOWN FLUX  DOWNWARD FLUX   NET FLUX    HEATING RATE
          mb          W/m2          W/m2          W/m2        W/m2          W/m2       degree/day
  60   .000300        4.4393        0.0000       13.8369       13.8369       9.397594       0.00000
  59    0.1000        4.4393        0.0000       13.8347       13.8347       9.395476       0.17929
  58    0.1403        4.4393        0.0000       13.8339       13.8339       9.394638       0.17564
  57    0.1968        4.4393        0.0000       13.8327       13.8327       9.393472       0.17409
  56    0.2760        4.4393        0.0000       13.8312       13.8312       9.391883       0.16936
  55    0.3871        4.4393        0.0000       13.8290       13.8290       9.389703       0.16558
  54    0.5430        4.4393        0.0000       13.8260       13.8260       9.386767       0.15891
  53    0.7617        4.4393        0.0000       13.8221       13.8221       9.382863       0.15065
  52     1.069        4.4393        0.0000       13.8170       13.8170       9.377710       0.14175
  51     1.499        4.4393        0.0000       13.8105       13.8105       9.371226       0.12717
  50     2.102        4.4393        0.0000       13.8026       13.8026       9.363354       0.11006
  49     2.949        4.4393        0.0000       13.7933       13.7933       9.354055       0.09270
  48     4.137        4.4393        0.0000       13.7830       13.7831       9.343808       0.07281
  47     5.803        4.4393        0.0000       13.7724       13.7724       9.333156       0.05396
  46     8.139        4.4393        0.0001       13.7615       13.7616       9.322319       0.03914
  45     11.42        4.4393        0.0001       13.7497       13.7498       9.310530       0.03035
  44     16.01        4.4393        0.0001       13.7347       13.7348       9.295467       0.02765
  43     22.46        4.4394        0.0002       13.7122       13.7123       9.272911       0.02951
  42     31.51        4.4396        0.0002       13.6758       13.6760       9.236480       0.03399
  41     44.20        4.4399        0.0003       13.6167       13.6170       9.177152       0.03946
  40     62.00        4.4405        0.0004       13.5244       13.5248       9.084368       0.04399
  39     85.78        4.4415        0.0006       13.3944       13.3950       8.953514       0.04645
  38     109.5        4.4429        0.0008       13.2650       13.2658       8.822931       0.04635
  37     133.1        4.4445        0.0009       13.1487       13.1497       8.705187       0.04228
  36     156.8        4.4464        0.0011       13.0449       13.0459       8.599571       0.03745
  35     180.6        4.4487        0.0012       12.9437       12.9449       8.496169       0.03671
  34     202.8        4.4514        0.0014       12.8534       12.8548       8.403411       0.03522
  33     228.4        4.4546        0.0015       12.7658       12.7673       8.312739       0.02992
  32     252.2        4.4583        0.0017       12.6801       12.6818       8.223486       0.03168
  31     276.0        4.4627        0.0018       12.5950       12.5968       8.134090       0.03173
  30     299.8        4.4682        0.0020       12.5053       12.5072       8.039041       0.03374
  29     323.5        4.4749        0.0021       12.4093       12.4114       7.936505       0.03640
  28     347.3        4.4826        0.0022       12.3075       12.3097       7.827125       0.03883
  27     371.1        4.4915        0.0024       12.1993       12.2017       7.710191       0.04151
  26     394.9        4.5019        0.0025       12.0815       12.0840       7.582167       0.04544
  25     418.6        4.5138        0.0026       11.9549       11.9575       7.443702       0.04915
  24     442.4        4.5274        0.0028       11.8185       11.8213       7.293883       0.05318
  23     466.2        4.5429        0.0029       11.6730       11.6759       7.133009       0.05710
  22     489.9        4.5602        0.0030       11.5203       11.5233       6.963042       0.06033
  21     513.7        4.5800        0.0031       11.3577       11.3608       6.780758       0.06470
  20     537.5        4.6023        0.0032       11.1878       11.1910       6.588756       0.06815
  19     561.3        4.6275        0.0033       11.0105       11.0138       6.386295       0.07187
  18     585.0        4.6563        0.0034       10.8249       10.8283       6.171970       0.07608
  17     608.8        4.6885        0.0035       10.6366       10.6401       5.951624       0.07821
  16     632.6        4.7245        0.0036       10.4463       10.4499       5.725414       0.08030
  15     656.4        4.7661        0.0036       10.2497       10.2533       5.487175       0.08457
  14     680.1        4.8136        0.0037       10.0509       10.0546       5.241039       0.08737
  13     703.9        4.8678        0.0038        9.8514        9.8552       4.987332       0.09006
  12     727.7        4.9313        0.0038        9.6483        9.6521       4.720824       0.09460
  11     751.5        5.0073        0.0039        9.4402        9.4441       4.436796       0.10082
  10     775.2        5.0983        0.0039        9.2294        9.2333       4.135000       0.10713
   9     799.0        5.2090        0.0040        9.0169        9.0209       3.811875       0.11470
   8     822.8        3.7542        3.3543        3.9096        7.2639       3.509682       0.10727
   7     846.6        2.4727        4.0550        1.6964        5.7514       3.278764       0.08197
   6     870.4        1.2829        3.6601        0.7365        4.3965       3.113681       0.05860
   5     894.1        0.1367        2.8254        0.3199        3.1453       3.008591       0.03730
   4     917.9        0.1387        2.7590        0.3131        3.0721       2.933353       0.02671
   3     941.7        0.1410        2.6945        0.3064        3.0009       2.859886       0.02608
   2     965.5        0.1435        2.6320        0.2999        2.9319       2.788355       0.02539
   1     989.2        0.1464        2.5715        0.2936        2.8650       2.718622       0.02475
   0    1013.0        0.1496        2.5128        0.2874        2.8002       2.650541       0.02417



 Wavenumbers:  5150. -  6150. cm-1, ATM      1
 LEVEL PRESSURE   UPWARD FLUX   DIFDOWN FLUX  DIRDOWN FLUX  DOWNWARD FLUX   NET FLUX    HEATING RATE
          mb          W/m2          W/m2          W/m2        W/m2          W/m2       degree/day
  60   .000300       10.3410        0.0000       34.6891       34.6891      24.348071       0.00000
  59    0.1000       10.3410        0.0000       34.6886       34.6886      24.347574       0.04203
  58    0.1403       10.3410        0.0000       34.6884       34.6884      24.347374       0.04196
  57    0.1968       10.3410        0.0000       34.6881       34.6881      24.347092       0.04212
  56    0.2760       10.3410        0.0000       34.6877       34.6877      24.346701       0.04169
  55    0.3871       10.3410        0.0000       34.6871       34.6871      24.346150       0.04179
  54    0.5430       10.3410        0.0000       34.6864       34.6864      24.345384       0.04150
  53    0.7617       10.3410        0.0000       34.6853       34.6853      24.344313       0.04131
  52     1.069       10.3410        0.0000       34.6838       34.6838      24.342805       0.04150
  51     1.499       10.3410        0.0000       34.6817       34.6817      24.340711       0.04107
  50     2.102       10.3410        0.0001       34.6787       34.6788      24.337815       0.04049
  49     2.949       10.3410        0.0001       34.6746       34.6747      24.333724       0.04078
  48     4.137       10.3410        0.0001       34.6689       34.6690      24.328029       0.04046
  47     5.803       10.3410        0.0002       34.6610       34.6612      24.320174       0.03979
  46     8.139       10.3411        0.0003       34.6502       34.6505      24.309404       0.03890
  45     11.42       10.3411        0.0004       34.6356       34.6359      24.294772       0.03767
  44     16.01       10.3413        0.0005       34.6159       34.6164      24.275144       0.03603
  43     22.46       10.3414        0.0007       34.5899       34.5906      24.249192       0.03396
  42     31.51       10.3417        0.0010       34.5564       34.5574      24.215646       0.03129
  41     44.20       10.3422        0.0014       34.5139       34.5153      24.173121       0.02828
  40     62.00       10.3430        0.0020       34.4619       34.4638      24.120788       0.02481
  39     85.78       10.3443        0.0027       34.4020       34.4047      24.060434       0.02142
  38     109.5       10.3456        0.0035       34.3491       34.3526      24.006988       0.01897
  37     133.1       10.3469        0.0042       34.3031       34.3073      23.960401       0.01673
  36     156.8       10.3482        0.0049       34.2595       34.2644      23.916163       0.01569
  35     180.6       10.3496        0.0056       34.2031       34.2087      23.859047       0.02028
  34     202.8       10.3511        0.0063       34.1091       34.1155      23.764404       0.03593
  33     228.4       10.3526        0.0071       33.9252       33.9323      23.579628       0.06096
  32     252.2       10.3543        0.0077       33.6087       33.6164      23.262053       0.11273
  31     276.0       10.3562        0.0083       33.1225       33.1309      22.774706       0.17299
  30     299.8       10.3583        0.0089       32.4763       32.4853      22.126924       0.22994
  29     323.5       10.3609        0.0095       31.7610       31.7704      21.409522       0.25465
  28     347.3       10.3640        0.0100       31.0137       31.0237      20.659667       0.26617
  27     371.1       10.3677        0.0104       30.2247       30.2351      19.867389       0.28123
  26     394.9       10.3722        0.0108       29.3520       29.3628      18.990595       0.31123
  25     418.6       10.3776        0.0112       28.4400       28.4512      18.073592       0.32550
  24     442.4       10.3841        0.0115       27.5194       27.5309      17.146800       0.32897
  23     466.2       10.3919        0.0118       26.6227       26.6346      16.242679       0.32093
  22     489.9       10.4012        0.0121       25.7669       25.7790      15.377786       0.30700
  21     513.7       10.4127        0.0124       24.9371       24.9495      14.536832       0.29850
  20     537.5       10.4266        0.0127       24.1537       24.1664      13.739830       0.28290
  19     561.3       10.4436        0.0130       23.4247       23.4377      12.994095       0.26471
  18     585.0       10.4644        0.0132       22.7500       22.7632      12.298827       0.24679
  17     608.8       10.4892        0.0135       22.1480       22.1616      11.672314       0.22239
  16     632.6       10.5189        0.0138       21.6116       21.6254      11.106554       0.20082
  15     656.4       10.5555        0.0141       21.1193       21.1334      10.577963       0.18763
  14     680.1       10.6006        0.0144       20.6722       20.6866      10.085996       0.17463
  13     703.9       10.6563        0.0147       20.2664       20.2811       9.624757       0.16372
  12     727.7       10.7269        0.0150       19.8884       19.9034       9.176530       0.15910
  11     751.5       10.8183        0.0153       19.5264       19.5417       8.723381       0.16085
  10     775.2       10.9376        0.0156       19.1765       19.1921       8.254475       0.16644
   9     799.0       11.0954        0.0158       18.8290       18.8448       7.749423       0.17927
   8     822.8        8.0498        7.1084        8.2034       15.3118       7.262034       0.17300
   7     846.6        5.3368        8.6516        3.5752       12.2269       6.890123       0.13201
   6     870.4        2.7963        7.8618        1.5590        9.4208       6.624521       0.09428
   5     894.1        0.3391        6.1155        0.6800        6.7955       6.456393       0.05968
   4     917.9        0.3410        6.0113        0.6684        6.6797       6.338656       0.04179
   3     941.7        0.3433        5.9130        0.6572        6.5702       6.226850       0.03969
   2     965.5        0.3461        5.8215        0.6467        6.4681       6.122001       0.03722
   1     989.2        0.3495        5.7367        0.6367        6.3735       6.024000       0.03478
   0    1013.0        0.3537        5.6583        0.6275        6.2858       5.932113       0.03262



 Wavenumbers:  6150. -  7700. cm-1, ATM      1
 LEVEL PRESSURE   UPWARD FLUX   DIFDOWN FLUX  DIRDOWN FLUX  DOWNWARD FLUX   NET FLUX    HEATING RATE
          mb          W/m2          W/m2          W/m2        W/m2          W/m2       degree/day
  60   .000300       16.2702        0.0000       64.1588       64.1588      47.888559       0.00000
  59    0.1000       16.2702        0.0000       64.1581       64.1581      47.887899       0.05584
  58    0.1403       16.2702        0.0000       64.1578       64.1578      47.887632       0.05593
  57    0.1968       16.2702        0.0000       64.1574       64.1575      47.887255       0.05625
  56    0.2760       16.2702        0.0000       64.1569       64.1569      47.886731       0.05580
  55    0.3871       16.2702        0.0001       64.1561       64.1562      47.885994       0.05604
  54    0.5430       16.2702        0.0001       64.1551       64.1551      47.884963       0.05578
  53    0.7617       16.2702        0.0001       64.1536       64.1537      47.883522       0.05562
  52     1.069       16.2701        0.0001       64.1515       64.1516      47.881490       0.05590
  51     1.499       16.2701        0.0002       64.1486       64.1488      47.878673       0.05525
  50     2.102       16.2700        0.0003       64.1446       64.1448      47.874784       0.05437
  49     2.949       16.2700        0.0004       64.1389       64.1393      47.869299       0.05468
  48     4.137       16.2699        0.0005       64.1310       64.1315      47.861667       0.05423
  47     5.803       16.2697        0.0008       64.1201       64.1209      47.851117       0.05344
  46     8.139       16.2696        0.0011       64.1051       64.1061      47.836582       0.05249
  45     11.42       16.2693        0.0015       64.0845       64.0860      47.816665       0.05128
  44     16.01       16.2689        0.0021       64.0565       64.0586      47.789613       0.04965
  43     22.46       16.2684        0.0029       64.0187       64.0216      47.753182       0.04767
  42     31.51       16.2677        0.0041       63.9683       63.9724      47.704668       0.04526
  41     44.20       16.2667        0.0057       63.9021       63.9078      47.641115       0.04227
  40     62.00       16.2653        0.0080       63.8170       63.8250      47.559668       0.03862
  39     85.78       16.2635        0.0110       63.7137       63.7248      47.461241       0.03494
  38     109.5       16.2617        0.0141       63.6174       63.6316      47.369891       0.03243
  37     133.1       16.2599        0.0171       63.5307       63.5478      47.287872       0.02945
  36     156.8       16.2582        0.0200       63.4470       63.4670      47.208763       0.02805
  35     180.6       16.2565        0.0230       63.3411       63.3642      47.107715       0.03587
  34     202.8       16.2549        0.0260       63.1774       63.2034      46.948526       0.06044
  33     228.4       16.2534        0.0289       62.8910       62.9199      46.666513       0.09305
  32     252.2       16.2522        0.0317       62.4548       62.4865      46.234315       0.15341
  31     276.0       16.2514        0.0343       61.8034       61.8377      45.586296       0.23002
  30     299.8       16.2514        0.0368       60.8493       60.8861      44.634656       0.33779
  29     323.5       16.2524        0.0390       59.6406       59.6797      43.427283       0.42857
  28     347.3       16.2547        0.0411       58.2994       58.3405      42.085755       0.47619
  27     371.1       16.2587        0.0430       56.9373       56.9803      40.721654       0.48420
  26     394.9       16.2648        0.0448       55.4853       55.5301      39.265321       0.51694
  25     418.6       16.2735        0.0464       53.9434       53.9897      37.716216       0.54987
  24     442.4       16.2854        0.0478       52.3152       52.3629      36.077515       0.58167
  23     466.2       16.3010        0.0490       50.6699       50.7189      34.417900       0.58910
  22     489.9       16.3209        0.0502       49.0609       49.1111      32.790250       0.57775
  21     513.7       16.3465        0.0513       47.4627       47.5140      31.167452       0.57603
  20     537.5       16.3789        0.0522       45.9016       45.9539      29.574939       0.56528
  19     561.3       16.4195        0.0531       44.3828       44.4359      28.016374       0.55323
  18     585.0       16.4703        0.0539       42.9069       42.9608      26.490512       0.54162
  17     608.8       16.5317        0.0547       41.5192       41.5740      25.042316       0.51405
  16     632.6       16.6056        0.0555       40.2123       40.2677      23.662165       0.48990
  15     656.4       16.6978        0.0562       38.9372       38.9933      22.295563       0.48509
  14     680.1       16.8123        0.0568       37.7038       37.7606      20.948315       0.47822
  13     703.9       16.9549        0.0573       36.5148       36.5721      19.617212       0.47249
  12     727.7       17.1371        0.0578       35.3478       35.4056      18.268469       0.47875
  11     751.5       17.3776        0.0582       34.1879       34.2461      16.868534       0.49692
  10     775.2       17.6970        0.0585       33.0529       33.1115      15.414510       0.51612
   9     799.0       18.1337        0.0588       31.9455       32.0043      13.870628       0.54801
   8     822.8       12.9876       11.7227       13.7078       25.4305      12.442947       0.50677
   7     846.6        8.5287       14.0542        5.8957       19.9499      11.421229       0.36267
   6     870.4        4.4303       12.6147        2.5415       15.1562      10.725965       0.24679
   5     894.1        0.5037        9.7058        1.0972       10.8031      10.299353       0.15143
   4     917.9        0.5091        9.4469        1.0682       10.5152      10.006096       0.10409
   3     941.7        0.5154        9.2036        1.0408       10.2444       9.729003       0.09836
   2     965.5        0.5229        8.9754        1.0149        9.9903       9.467395       0.09286
   1     989.2        0.5320        8.7613        0.9905        9.7518       9.219747       0.08789
   0    1013.0        0.5431        8.5593        0.9674        9.5266       8.983550       0.08386



 Wavenumbers:  7700. -  8050. cm-1, ATM      1
 LEVEL PRESSURE   UPWARD FLUX   DIFDOWN FLUX  DIRDOWN FLUX  DOWNWARD FLUX   NET FLUX    HEATING RATE
          mb          W/m2          W/m2          W/m2        W/m2          W/m2       degree/day
  60   .000300        7.9619        0.0000       15.1626       15.1626       7.200690       0.00000
  59    0.1000        7.9620        0.0000       15.1625       15.1625       7.200478       0.01801
  58    0.1403        7.9620        0.0000       15.1624       15.1624       7.200391       0.01812
  57    0.1968        7.9620        0.0000       15.1623       15.1623       7.200269       0.01822
  56    0.2760        7.9621        0.0000       15.1622       15.1622       7.200100       0.01807
  55    0.3871        7.9621        0.0000       15.1620       15.1620       7.199861       0.01815
  54    0.5430        7.9622        0.0000       15.1617       15.1617       7.199527       0.01807
  53    0.7617        7.9623        0.0000       15.1613       15.1614       7.199059       0.01804
  52     1.069        7.9625        0.0001       15.1608       15.1609       7.198399       0.01817
  51     1.499        7.9627        0.0001       15.1601       15.1602       7.197481       0.01800
  50     2.102        7.9630        0.0001       15.1591       15.1592       7.196208       0.01780
  49     2.949        7.9634        0.0002       15.1576       15.1578       7.194402       0.01800
  48     4.137        7.9640        0.0003       15.1556       15.1559       7.191867       0.01801
  47     5.803        7.9649        0.0004       15.1528       15.1532       7.188324       0.01795
  46     8.139        7.9660        0.0005       15.1489       15.1494       7.183367       0.01790
  45     11.42        7.9677        0.0007       15.1434       15.1441       7.176427       0.01787
  44     16.01        7.9700        0.0010       15.1358       15.1367       7.166726       0.01781
  43     22.46        7.9733        0.0014       15.1251       15.1264       7.153149       0.01777
  42     31.51        7.9779        0.0019       15.1101       15.1120       7.134154       0.01772
  41     44.20        7.9843        0.0027       15.0892       15.0919       7.107555       0.01769
  40     62.00        7.9935        0.0037       15.0604       15.0641       7.070636       0.01750
  39     85.78        8.0058        0.0051       15.0223       15.0275       7.021664       0.01738
  38     109.5        8.0185        0.0066       14.9841       14.9907       6.972242       0.01754
  37     133.1        8.0308        0.0079       14.9478       14.9558       6.924953       0.01698
  36     156.8        8.0430        0.0093       14.9129       14.9222       6.879202       0.01622
  35     180.6        8.0561        0.0107       14.8763       14.8870       6.830870       0.01716
  34     202.8        8.0689        0.0120       14.8414       14.8535       6.784564       0.01758
  33     228.4        8.0821        0.0134       14.8062       14.8197       6.737512       0.01552
  32     252.2        8.0956        0.0148       14.7713       14.7861       6.690481       0.01669
  31     276.0        8.1091        0.0162       14.7370       14.7532       6.644074       0.01647
  30     299.8        8.1230        0.0176       14.7027       14.7203       6.597317       0.01660
  29     323.5        8.1371        0.0189       14.6685       14.6875       6.550342       0.01667
  28     347.3        8.1515        0.0203       14.6347       14.6550       6.503554       0.01661
  27     371.1        8.1659        0.0216       14.6014       14.6230       6.457054       0.01651
  26     394.9        8.1810        0.0230       14.5675       14.5905       6.409463       0.01689
  25     418.6        8.1966        0.0243       14.5336       14.5579       6.361393       0.01706
  24     442.4        8.2125        0.0257       14.4995       14.5252       6.312670       0.01729
  23     466.2        8.2290        0.0270       14.4651       14.4921       6.263085       0.01760
  22     489.9        8.2459        0.0283       14.4307       14.4591       6.213144       0.01773
  21     513.7        8.2635        0.0297       14.3957       14.4253       6.161784       0.01823
  20     537.5        8.2817        0.0310       14.3603       14.3913       6.109575       0.01853
  19     561.3        8.3006        0.0323       14.3246       14.3568       6.056287       0.01892
  18     585.0        8.3205        0.0336       14.2875       14.3211       6.000584       0.01977
  17     608.8        8.3412        0.0349       14.2500       14.2849       5.943667       0.02020
  16     632.6        8.3627        0.0361       14.2119       14.2481       5.885339       0.02070
  15     656.4        8.3857        0.0374       14.1722       14.2096       5.823943       0.02179
  14     680.1        8.4099        0.0387       14.1314       14.1700       5.760114       0.02266
  13     703.9        8.4356        0.0399       14.0891       14.1290       5.693415       0.02368
  12     727.7        8.4634        0.0412       14.0446       14.0858       5.622382       0.02521
  11     751.5        8.4938        0.0424       13.9973       14.0397       5.545931       0.02714
  10     775.2        8.5268        0.0436       13.9473       13.9910       5.464120       0.02904
   9     799.0        8.5631        0.0448       13.8944       13.9392       5.376177       0.03122
   8     822.8        6.3039        5.4487        6.1440       11.5927       5.288814       0.03101
   7     846.6        4.2302        6.7304        2.7154        9.4458       5.215628       0.02598
   6     870.4        2.2443        6.2034        1.2001        7.4035       5.159169       0.02004
   5     894.1        0.2989        4.8893        0.5304        5.4197       5.120727       0.01365
   4     917.9        0.3001        4.8632        0.5280        5.3912       5.091094       0.01052
   3     941.7        0.3013        4.8362        0.5255        5.3617       5.060435       0.01088
   2     965.5        0.3026        4.8086        0.5229        5.3315       5.028914       0.01119
   1     989.2        0.3040        4.7802        0.5203        5.3005       4.996520       0.01150
   0    1013.0        0.3055        4.7512        0.5176        5.2688       4.963246       0.01181



 Wavenumbers:  8050. - 12850. cm-1, ATM      1
 LEVEL PRESSURE   UPWARD FLUX   DIFDOWN FLUX  DIRDOWN FLUX  DOWNWARD FLUX   NET FLUX    HEATING RATE
          mb          W/m2          W/m2          W/m2        W/m2          W/m2       degree/day
  60   .000300       99.7655        0.0000      212.2880      212.2880     112.522459       0.00000
  59    0.1000       99.7654        0.0003      212.2876      212.2879     112.522459       0.00000
  58    0.1403       99.7654        0.0004      212.2874      212.2878     112.522459      -0.00000
  57    0.1968       99.7653        0.0006      212.2872      212.2878     112.522459      -0.00000
  56    0.2760       99.7652        0.0008      212.2869      212.2877     112.522459      -0.00000
  55    0.3871       99.7651        0.0011      212.2864      212.2876     112.522459       0.00000
  54    0.5430       99.7649        0.0016      212.2858      212.2874     112.522459       0.00000
  53    0.7617       99.7647        0.0022      212.2850      212.2872     112.522459      -0.00000
  52     1.069       99.7644        0.0031      212.2837      212.2868     112.522459       0.00000
  51     1.499       99.7639        0.0043      212.2820      212.2864     112.522459       0.00000
  50     2.102       99.7633        0.0061      212.2797      212.2857     112.522459       0.00000
  49     2.949       99.7624        0.0085      212.2763      212.2848     112.522459       0.00000
  48     4.137       99.7611        0.0119      212.2717      212.2836     112.522459       0.00000
  47     5.803       99.7594        0.0167      212.2651      212.2818     112.522459       0.00000
  46     8.139       99.7569        0.0234      212.2559      212.2793     112.522459      -0.00000
  45     11.42       99.7534        0.0328      212.2430      212.2759     112.522459       0.00000
  44     16.01       99.7486        0.0460      212.2250      212.2710     112.522459      -0.00000
  43     22.46       99.7418        0.0645      212.1998      212.2642     112.522459      -0.00000
  42     31.51       99.7322        0.0904      212.1643      212.2547     112.522459       0.00000
  41     44.20       99.7188        0.1268      212.1145      212.2413     112.522459      -0.00000
  40     62.00       99.7001        0.1775      212.0450      212.2225     112.522459      -0.00000
  39     85.78       99.6751        0.2453      211.9522      212.1975     112.522459       0.00000
  38     109.5       99.6501        0.3142      211.8451      212.1594     112.509267       0.00468
  37     133.1       99.6260        0.3806      211.7421      212.1227     112.496642       0.00453
  36     156.8       99.6026        0.4451      211.6412      212.0863     112.483712       0.00458
  35     180.6       99.5776        0.5138      211.5292      212.0429     112.465311       0.00653
  34     202.8       99.5537        0.5798      211.4041      211.9839     112.430197       0.01333
  33     228.4       99.5297        0.6472      211.2349      211.8821     112.352388       0.02567
  32     252.2       99.5065        0.7146      211.0003      211.7149     112.208455       0.05109
  31     276.0       99.4850        0.7810      210.6760      211.4570     111.971989       0.08394
  30     299.8       99.4660        0.8477      210.2328      211.0804     111.614411       0.12693
  29     323.5       99.4509        0.9141      209.6743      210.5884     111.137568       0.16926
  28     347.3       99.4412        0.9796      209.0175      209.9972     110.555903       0.20647
  27     371.1       99.4381        1.0439      208.2872      209.3311     109.893006       0.23530
  26     394.9       99.4432        1.1084      207.4416      208.5501     109.106883       0.27904
  25     418.6       99.4585        1.1722      206.4758      207.6480     108.189516       0.32563
  24     442.4       99.4867        1.2351      205.3737      206.6088     107.122104       0.37889
  23     466.2       99.5294        1.2974      204.1488      205.4462     105.916816       0.42783
  22     489.9       99.5886        1.3581      202.8236      204.1817     104.593149       0.46985
  21     513.7       99.6694        1.4182      201.3667      202.7850     103.115574       0.52448
  20     537.5       99.7753        1.4767      199.7935      201.2702     101.494891       0.57528
  19     561.3       99.9113        1.5335      198.0998      199.6333      99.721966       0.62932
  18     585.0      100.0838        1.5901      196.2781      197.8682      97.784321       0.68778
  17     608.8      100.2935        1.6450      194.3934      196.0384      95.744859       0.72392
  16     632.6      100.5466        1.6982      192.4530      194.1512      93.604613       0.75970
  15     656.4      100.8618        1.7509      190.4000      192.1509      91.289109       0.82191
  14     680.1      101.2519        1.8016      188.2528      190.0543      88.802447       0.88266
  13     703.9      101.7340        1.8502      186.0204      187.8706      86.136571       0.94628
  12     727.7      102.3424        1.8974      183.6647      185.5621      83.219640       1.03539
  11     751.5      103.1288        1.9427      181.1466      183.0893      79.960561       1.15684
  10     775.2      104.1413        1.9853      178.4925      180.4778      76.336480       1.28640
   9     799.0      105.4612        2.0253      175.7106      177.7359      72.274690       1.44177
   8     822.8       76.7700       68.3280       76.7224      145.0504      68.280367       1.41782
   7     846.6       51.0797       82.7687       33.5115      116.2802      65.200469       1.09324
   6     870.4       26.9203       75.2598       14.6423       89.9020      62.981704       0.78757
   5     894.1        3.4853       58.6453        6.4006       65.0459      61.560595       0.50444
   4     917.9        3.4998       57.7368        6.3036       64.0404      60.540636       0.36204
   3     941.7        3.5184       56.8523        6.2087       63.0609      59.542509       0.35429
   2     965.5        3.5419       55.9953        6.1163       62.1116      58.569726       0.34530
   1     989.2        3.5712       55.1634        6.0265       61.1899      57.618789       0.33747
   0    1013.0        3.6075       54.3554        5.9390       60.2945      56.686919       0.33085



 Wavenumbers: 12850. - 16000. cm-1, ATM      1
 LEVEL PRESSURE   UPWARD FLUX   DIFDOWN FLUX  DIRDOWN FLUX  DOWNWARD FLUX   NET FLUX    HEATING RATE
          mb          W/m2          W/m2          W/m2        W/m2          W/m2       degree/day
  60   .000300       73.1743        0.0000      133.0172      133.0172      59.842916       0.00000
  59    0.1000       73.1742        0.0006      133.0095      133.0102      59.835961       0.58867
  58    0.1403       73.1742        0.0009      133.0064      133.0073      59.833094       0.60035
  57    0.1968       73.1743        0.0012      133.0021      133.0034      59.829034       0.60648
  56    0.2760       73.1745        0.0017      132.9962      132.9979      59.823376       0.60286
  55    0.3871       73.1749        0.0024      132.9880      132.9904      59.815484       0.59948
  54    0.5430       73.1757        0.0034      132.9769      132.9803      59.804642       0.58690
  53    0.7617       73.1771        0.0048      132.9618      132.9666      59.789538       0.58285
  52     1.069       73.1798        0.0067      132.9413      132.9480      59.768186       0.58732
  51     1.499       73.1850        0.0094      132.9135      132.9229      59.737943       0.59314
  50     2.102       73.1948        0.0132      132.8748      132.8880      59.693256       0.62479
  49     2.949       73.2135        0.0185      132.8176      132.8360      59.622492       0.70539
  48     4.137       73.2465        0.0259      132.7325      132.7584      59.511925       0.78569
  47     5.803       73.2973        0.0363      132.6115      132.6477      59.350481       0.81785
  46     8.139       73.3666        0.0508      132.4493      132.5001      59.133477       0.78373
  45     11.42       73.4534        0.0711      132.2424      132.3135      58.860084       0.70389
  44     16.01       73.5585        0.0994      131.9828      132.0822      58.523687       0.61746
  43     22.46       73.6832        0.1391      131.6592      131.7983      58.115051       0.53472
  42     31.51       73.8191        0.1946      131.2747      131.4693      57.650159       0.43368
  41     44.20       73.9469        0.2725      130.8450      131.1175      57.170593       0.31893
  40     62.00       74.0584        0.3809      130.3669      130.7478      56.689422       0.22813
  39     85.78       74.1232        0.5256      129.8828      130.4084      56.285189       0.14349
  38     109.5       74.1573        0.6737      129.4797      130.1533      55.996020       0.10264
  37     133.1       74.1755        0.8159      129.1217      129.9377      55.762189       0.08397
  36     156.8       74.1852        0.9541      128.7892      129.7433      55.558145       0.07235
  35     180.6       74.1849        1.1007      128.4511      129.5518      55.366879       0.06790
  34     202.8       74.1747        1.2416      128.1377      129.3794      55.204677       0.06158
  33     228.4       74.1595        1.3852      127.8216      129.2067      55.047205       0.05196
  32     252.2       74.1419        1.5288      127.5049      129.0337      54.891860       0.05514
  31     276.0       74.1222        1.6705      127.1922      128.8627      54.740508       0.05372
  30     299.8       74.1013        1.8131      126.8751      128.6883      54.586969       0.05450
  29     323.5       74.0810        1.9558      126.5537      128.5095      54.428441       0.05627
  28     347.3       74.0624        2.0968      126.2298      128.3266      54.264185       0.05830
  27     371.1       74.0459        2.2359      125.9047      128.1406      54.094693       0.06016
  26     394.9       74.0319        2.3765      125.5688      127.9453      53.913491       0.06432
  25     418.6       74.0214        2.5165      125.2257      127.7423      53.720829       0.06839
  24     442.4       74.0156        2.6560      124.8736      127.5296      53.514050       0.07340
  23     466.2       74.0147        2.7955      124.5111      127.3066      53.291876       0.07886
  22     489.9       74.0197        2.9329      124.1420      127.0750      53.055266       0.08399
  21     513.7       74.0321        3.0707      123.7577      126.8283      52.796241       0.09194
  20     537.5       74.0532        3.2066      123.3614      126.5680      52.514772       0.09991
  19     561.3       74.0846        3.3408      122.9509      126.2917      52.207053       0.10923
  18     585.0       74.1277        3.4761      122.5175      125.9937      51.865976       0.12107
  17     608.8       74.1807        3.6094      122.0752      125.6846      51.503858       0.12854
  16     632.6       74.2450        3.7405      121.6228      125.3633      51.118297       0.13686
  15     656.4       74.3248        3.8721      121.1473      125.0194      50.694593       0.15040
  14     680.1       74.4229        4.0013      120.6531      124.6544      50.231513       0.16437
  13     703.9       74.5425        4.1279      120.1376      124.2654      49.722934       0.18052
  12     727.7       74.6910        4.2537      119.5892      123.8429      49.151899       0.20269
  11     751.5       74.8749        4.3785      119.0038      123.3822      48.507329       0.22880
  10     775.2       75.0998        4.5004      118.3848      122.8851      47.785346       0.25627
   9     799.0       75.3746        4.6191      117.7284      122.3475      46.972940       0.28837
   8     822.8       55.6913       49.8930       51.9484      101.8414      46.150103       0.29207
   7     846.6       37.6059       60.1576       22.9213       83.0789      45.473026       0.24033
   6     870.4       20.2772       55.1235       10.1120       65.2355      44.958288       0.18271
   5     894.1        3.3022       43.4539        4.4612       47.9151      44.612897       0.12260
   4     917.9        3.2833       43.2007        4.4335       47.6342      44.350904       0.09300
   3     941.7        3.2656       42.9444        4.4055       47.3499      44.084316       0.09463
   2     965.5        3.2494       42.6868        4.3774       47.0642      43.814795       0.09567
   1     989.2        3.2347       42.4282        4.3492       46.7774      43.542666       0.09657
   0    1013.0        3.2217       42.1687        4.3209       46.4896      43.267878       0.09756



 Wavenumbers: 16000. - 22650. cm-1, ATM      1
 LEVEL PRESSURE   UPWARD FLUX   DIFDOWN FLUX  DIRDOWN FLUX  DOWNWARD FLUX   NET FLUX    HEATING RATE
          mb          W/m2          W/m2          W/m2        W/m2          W/m2       degree/day
  60   .000300      126.5149        0.0000      212.0812      212.0812      85.566269       0.00000
  59    0.1000      126.5144        0.0035      212.0760      212.0795      85.565076       0.10094
  58    0.1403      126.5144        0.0049      212.0737      212.0785      85.564121       0.20005
  57    0.1968      126.5146        0.0068      212.0701      212.0770      85.562393       0.25809
  56    0.2760      126.5151        0.0096      212.0648      212.0744      85.559355       0.32375
  55    0.3871      126.5161        0.0135      212.0569      212.0703      85.554232       0.38911
  54    0.5430      126.5181        0.0189      212.0449      212.0637      85.545643       0.46496
  53    0.7617      126.5222        0.0264      212.0263      212.0527      85.530486       0.58487
  52     1.069      126.5304        0.0371      211.9965      212.0337      85.503238       0.74952
  51     1.499      126.5464        0.0520      211.9488      212.0008      85.454455       0.95673
  50     2.102      126.5773        0.0726      211.8701      211.9427      85.365450       1.24442
  49     2.949      126.6374        0.1018      211.7353      211.8371      85.199764       1.65160
  48     4.137      126.7437        0.1428      211.5152      211.6580      84.914319       2.02839
  47     5.803      126.9082        0.2000      211.1861      211.3861      84.477842       2.21111
  46     8.139      127.1328        0.2799      210.7354      211.0153      83.882533       2.15000
  45     11.42      127.4129        0.3917      210.1559      210.5475      83.134618       1.92561
  44     16.01      127.7506        0.5477      209.4264      209.9740      82.223465       1.67244
  43     22.46      128.1490        0.7657      208.5155      209.2812      81.132268       1.42787
  42     31.51      128.5773        1.0705      207.4281      208.4987      79.921337       1.12963
  41     44.20      128.9686        1.4975      206.1997      207.6972      78.728587       0.79323
  40     62.00      129.2916        2.0907      204.7997      206.8905      77.598843       0.53563
  39     85.78      129.4439        2.8800      203.3150      206.1951      76.751164       0.30089
  38     109.5      129.4422        3.6783      202.0234      205.7017      76.259464       0.17453
  37     133.1      129.3997        4.4422      200.8408      205.2830      75.883286       0.13509
  36     156.8      129.3358        5.1811      199.7260      204.9071      75.571317       0.11062
  35     180.6      129.2380        5.9622      198.5859      204.5481      75.310085       0.09274
  34     202.8      129.1150        6.7105      197.5309      204.2413      75.126316       0.06977
  33     228.4      128.9747        7.4696      196.4789      203.9485      74.973711       0.05035
  32     252.2      128.8249        8.2265      195.4408      203.6673      74.842392       0.04661
  31     276.0      128.6679        8.9707      194.4310      203.4016      74.733719       0.03857
  30     299.8      128.5025        9.7166      193.4267      203.1433      74.640757       0.03300
  29     323.5      128.3336       10.4601      192.4286      202.8887      74.555022       0.03043
  28     347.3      128.1638       11.1930      191.4464      202.6394      74.475673       0.02817
  27     371.1      127.9937       11.9128      190.4836      202.3963      74.402604       0.02594
  26     394.9      127.8196       12.6387      189.5132      202.1519      74.332377       0.02493
  25     418.6      127.6448       13.3590      188.5503      201.9093      74.264497       0.02409
  24     442.4      127.4694       14.0748      187.5927      201.6674      74.198031       0.02359
  23     466.2      127.2929       14.7885      186.6371      201.4255      74.132656       0.02321
  22     489.9      127.1180       15.4904      185.6961      201.1866      74.068585       0.02274
  21     513.7      126.9421       16.1927      184.7529      200.9456      74.003528       0.02309
  20     537.5      126.7684       16.8847      183.8209      200.7056      73.937208       0.02354
  19     561.3      126.5970       17.5677      182.8981      200.4658      73.868771       0.02429
  18     585.0      126.4243       18.2565      181.9641      200.2206      73.796344       0.02571
  17     608.8      126.2545       18.9349      181.0409      199.9758      73.721239       0.02666
  16     632.6      126.0879       19.6032      180.1276      199.7308      73.642908       0.02780
  15     656.4      125.9215       20.2751      179.2047      199.4799      73.558347       0.03002
  14     680.1      125.7597       20.9374      178.2893      199.2267      73.467025       0.03242
  13     703.9      125.6030       21.5901      177.3803      198.9704      73.367390       0.03537
  12     727.7      125.4501       22.2431      176.4629      198.7060      73.255885       0.03958
  11     751.5      125.3025       22.8961      175.5353      198.4314      73.128874       0.04508
  10     775.2      125.1634       23.5412      174.6074      198.1487      72.985220       0.05099
   9     799.0      125.0342       24.1783      173.6783      197.8566      72.822368       0.05781
   8     822.8       93.9520       89.9257       76.6796      166.6053      72.653281       0.06002
   7     846.6       64.9832      103.6376       33.8539      137.4915      72.508290       0.05147
   6     870.4       36.9617       94.4091       14.9464      109.3555      72.393847       0.04062
   5     894.1        9.3627       75.0770        6.5993       81.6762      72.313526       0.02851
   4     917.9        9.2014       74.8882        6.5629       81.4511      72.249760       0.02263
   3     941.7        9.0400       74.6969        6.5265       81.2235      72.183498       0.02352
   2     965.5        8.8797       74.5046        6.4904       80.9950      72.115296       0.02421
   1     989.2        8.7206       74.3116        6.4544       80.7660      72.045378       0.02481
   0    1013.0        8.5626       74.1178        6.4187       80.5365      71.973878       0.02538



 Wavenumbers: 22650. - 29000. cm-1, ATM      1
 LEVEL PRESSURE   UPWARD FLUX   DIFDOWN FLUX  DIRDOWN FLUX  DOWNWARD FLUX   NET FLUX    HEATING RATE
          mb          W/m2          W/m2          W/m2        W/m2          W/m2       degree/day
  60   .000300       53.3554        0.0000       80.0317       80.0317      26.676271       0.00000
  59    0.1000       53.3545        0.0041       80.0267       80.0308      26.676271       0.00000
  58    0.1403       53.3541        0.0057       80.0247       80.0304      26.676271      -0.00000
  57    0.1968       53.3535        0.0080       80.0218       80.0298      26.676271       0.00000
  56    0.2760       53.3528        0.0113       80.0178       80.0291      26.676271       0.00000
  55    0.3871       53.3517        0.0158       80.0122       80.0280      26.676271      -0.00000
  54    0.5430       53.3502        0.0221       80.0043       80.0265      26.676271      -0.00000
  53    0.7617       53.3481        0.0310       79.9933       80.0244      26.676271       0.00000
  52     1.069       53.3452        0.0436       79.9778       80.0214      26.676271      -0.00000
  51     1.499       53.3410        0.0611       79.9562       80.0173      26.676271       0.00000
  50     2.102       53.3353        0.0853       79.9263       80.0116      26.676271      -0.00000
  49     2.949       53.3272        0.1196       79.8839       80.0035      26.676271       0.00000
  48     4.137       53.3158        0.1677       79.8244       79.9921      26.676271      -0.00000
  47     5.803       53.2999        0.2350       79.7412       79.9762      26.676271      -0.00000
  46     8.139       53.2776        0.3290       79.6249       79.9539      26.676271       0.00000
  45     11.42       53.2464        0.4604       79.4623       79.9227      26.676271       0.00000
  44     16.01       53.2028        0.6438       79.2352       79.8791      26.676271       0.00000
  43     22.46       53.1416        0.8999       78.9179       79.8179      26.676271      -0.00000
  42     31.51       53.0559        1.2570       78.4751       79.7321      26.676271       0.00000
  41     44.20       52.9355        1.7545       77.8573       79.6118      26.676271       0.00000
  40     62.00       52.7679        2.4403       77.0038       79.4442      26.676271      -0.00000
  39     85.78       52.5445        3.3415       75.8793       79.2208      26.676271       0.00000
  38     109.5       52.3180        4.2404       74.7539       78.9943      26.676271       0.00000
  37     133.1       52.1005        5.0898       73.6869       78.7768      26.676271      -0.00000
  36     156.8       51.8893        5.9018       72.6637       78.5655      26.676271      -0.00000
  35     180.6       51.6652        6.7493       71.5922       78.3415      26.676271       0.00000
  34     202.8       51.4499        7.5504       70.5757       78.1261      26.676271      -0.00000
  33     228.4       51.2307        8.3528       69.5542       77.9069      26.676271      -0.00000
  32     252.2       51.0113        9.1427       68.5449       77.6875      26.676271       0.00000
  31     276.0       50.7948        9.9091       67.5619       77.4710      26.676271       0.00000
  30     299.8       50.5769       10.6676       66.5855       77.2532      26.676271      -0.00000
  29     323.5       50.3589       11.4139       65.6212       77.0351      26.676271      -0.00000
  28     347.3       50.1430       12.1402       64.6791       76.8193      26.676271       0.00000
  27     371.1       49.9302       12.8444       63.7621       76.6065      26.676271       0.00000
  26     394.9       49.7147       13.5455       62.8455       76.3909      26.676271      -0.00000
  25     418.6       49.4999       14.2322       61.9439       76.1761      26.676271       0.00000
  24     442.4       49.2855       14.9059       61.0558       75.9617      26.676271       0.00000
  23     466.2       49.0707       15.5689       60.1781       75.7470      26.676271       0.00000
  22     489.9       48.8586       16.2126       59.3223       75.5349      26.676271       0.00000
  21     513.7       48.6454       16.8482       58.4735       75.3217      26.676271       0.00000
  20     537.5       48.4343       17.4664       57.6441       75.1106      26.676271       0.00000
  19     561.3       48.2249       18.0688       56.8325       74.9012      26.676271       0.00000
  18     585.0       48.0128       18.6684       56.0207       74.6891      26.676271      -0.00000
  17     608.8       47.8028       19.2513       55.2278       74.4791      26.676271      -0.00000
  16     632.6       47.5949       19.8181       54.4531       74.2712      26.676271       0.00000
  15     656.4       47.3848       20.3807       53.6804       74.0611      26.676271      -0.00000
  14     680.1       47.1766       20.9280       52.9249       73.8529      26.676271       0.00000
  13     703.9       46.9702       21.4606       52.1859       73.6465      26.676271       0.00000
  12     727.7       46.7626       21.9869       51.4520       73.4389      26.676271       0.00000
  11     751.5       46.5536       22.5067       50.7232       73.2299      26.676271      -0.00000
  10     775.2       46.3458       23.0139       50.0082       73.0221      26.676271       0.00000
   9     799.0       46.1392       23.5088       49.3067       72.8155      26.676271       0.00000
   8     822.8       34.8928       39.9945       21.5745       61.5689      26.676169       0.00004
   7     846.6       24.2430       41.4789        9.4402       50.9191      26.676086       0.00003
   6     870.4       13.8553       36.3993        4.1320       40.5313      26.676023       0.00002
   5     894.1        3.5826       28.4500        1.8086       30.2586      26.675979       0.00002
   4     917.9        3.4002       28.2930        1.7831       30.0762      26.675979       0.00000
   3     941.7        3.2173       28.1353        1.7580       29.8933      26.675979      -0.00000
   2     965.5        3.0352       27.9779        1.7334       29.7112      26.675979       0.00000
   1     989.2        2.8540       27.8208        1.7092       29.5300      26.675979       0.00000
   0    1013.0        2.6737       27.6641        1.6855       29.3497      26.675979       0.00000



 Wavenumbers: 29000. - 38000. cm-1, ATM      1
 LEVEL PRESSURE   UPWARD FLUX   DIFDOWN FLUX  DIRDOWN FLUX  DOWNWARD FLUX   NET FLUX    HEATING RATE
          mb          W/m2          W/m2          W/m2        W/m2          W/m2       degree/day
  60   .000300        8.8170        0.0000       28.2225       28.2225      19.405482       0.00000
  59    0.1000        8.8154        0.0029       28.1859       28.1888      19.373430       2.71307
  58    0.1403        8.8148        0.0041       28.1585       28.1626      19.347843       5.35823
  57    0.1968        8.8140        0.0057       28.1101       28.1159      19.301860       6.86822
  56    0.2760        8.8131        0.0080       28.0271       28.0351      19.222046       8.50462
  55    0.3871        8.8119        0.0111       27.8913       27.9025      19.090603       9.98436
  54    0.5430        8.8105        0.0154       27.6738       27.6892      18.878719      11.46964
  53    0.7617        8.8092        0.0212       27.3185       27.3398      18.530595      13.43333
  52     1.069        8.8083        0.0289       26.7574       26.7863      17.977985      15.20066
  51     1.499        8.8089        0.0388       25.9466       25.9854      17.176499      15.71894
  50     2.102        8.8130        0.0512       24.8886       24.9398      16.126819      14.67595
  49     2.949        8.8245        0.0676       23.6539       23.7215      14.896940      12.25978
  48     4.137        8.8483        0.0891       22.3800       22.4691      13.620784       9.06843
  47     5.803        8.8874        0.1177       21.1533       21.2710      12.383630       6.26720
  46     8.139        8.9422        0.1564       20.0304       20.1869      11.244691       4.11336
  45     11.42        9.0115        0.2090       19.0179       19.2269      10.215437       2.64996
  44     16.01        9.0966        0.2800       18.0801       18.3601       9.263451       1.74738
  43     22.46        9.2010        0.3765       17.1858       17.5623       8.361376       1.18040
  42     31.51        9.3176        0.5083       16.3448       16.8531       7.535565       0.77037
  41     44.20        9.4259        0.6899       15.5663       16.2563       6.830337       0.46900
  40     62.00        9.5152        0.9376       14.8065       15.7441       6.228904       0.28515
  39     85.78        9.5453        1.2616       14.0925       15.3541       5.808777       0.14913
  38     109.5        9.5240        1.5830       13.5167       15.0997       5.575677       0.08274
  37     133.1        9.4923        1.8801       13.0134       14.8934       5.401099       0.06269
  36     156.8        9.4565        2.1576       12.5564       14.7140       5.257511       0.05092
  35     180.6        9.4097        2.4426       12.1053       14.5479       5.138252       0.04234
  34     202.8        9.3553        2.7084       11.7016       14.4099       5.054682       0.03173
  33     228.4        9.2954        2.9697       11.3112       14.2809       4.985478       0.02283
  32     252.2        9.2332        3.2220       10.9372       14.1593       4.926117       0.02107
  31     276.0        9.1691        3.4625       10.5839       14.0464       4.877278       0.01734
  30     299.8        9.1025        3.6960       10.2424       13.9384       4.835889       0.01469
  29     323.5        9.0353        3.9209        9.9126       13.8336       4.798268       0.01335
  28     347.3        8.9683        4.1352        9.5973       13.7324       4.764106       0.01213
  27     371.1        8.9018        4.3386        9.2967       13.6352       4.733431       0.01089
  26     394.9        8.8341        4.5368        9.0022       13.5390       4.704914       0.01012
  25     418.6        8.7664        4.7267        8.7182       13.4448       4.678398       0.00941
  24     442.4        8.6988        4.9088        8.4437       13.3525       4.653667       0.00878
  23     466.2        8.6309        5.0840        8.1775       13.2615       4.630673       0.00816
  22     489.9        8.5636        5.2503        7.9229       13.1732       4.609536       0.00750
  21     513.7        8.4960        5.4107        7.6749       13.0856       4.589588       0.00708
  20     537.5        8.4291        5.5630        7.4369       12.9999       4.570839       0.00665
  19     561.3        8.3627        5.7079        7.2080       12.9159       4.553157       0.00628
  18     585.0        8.2956        5.8485        6.9831       12.8316       4.536024       0.00608
  17     608.8        8.2292        5.9818        6.7672       12.7490       4.519750       0.00578
  16     632.6        8.1636        6.1080        6.5598       12.6679       4.504265       0.00550
  15     656.4        8.0974        6.2301        6.3565       12.5866       4.489214       0.00534
  14     680.1        8.0319        6.3456        6.1611       12.5067       4.474850       0.00510
  13     703.9        7.9670        6.4550        5.9732       12.4282       4.461127       0.00487
  12     727.7        7.9019        6.5600        5.7897       12.3497       4.447808       0.00473
  11     751.5        7.8364        6.6608        5.6105       12.2713       4.434886       0.00459
  10     775.2        7.7714        6.7562        5.4377       12.1939       4.422497       0.00440
   9     799.0        7.7069        6.8465        5.2710       12.1175       4.410610       0.00422
   8     822.8        5.8806        8.0136        2.2669       10.2805       4.399875       0.00381
   7     846.6        4.1224        7.5388        0.9750        8.5138       4.391328       0.00303
   6     870.4        2.3945        6.3600        0.4194        6.7794       4.384959       0.00226
   5     894.1        0.6802        4.8804        0.1805        5.0609       4.380685       0.00152
   4     917.9        0.6173        4.8199        0.1749        4.9948       4.377474       0.00114
   3     941.7        0.5543        4.7592        0.1695        4.9287       4.374396       0.00109
   2     965.5        0.4916        4.6987        0.1643        4.8630       4.371469       0.00104
   1     989.2        0.4291        4.6385        0.1593        4.7978       4.368685       0.00099
   0    1013.0        0.3670        4.5786        0.1545        4.7331       4.366038       0.00094



 Wavenumbers: 38000. - 50000. cm-1, ATM      1
 LEVEL PRESSURE   UPWARD FLUX   DIFDOWN FLUX  DIRDOWN FLUX  DOWNWARD FLUX   NET FLUX    HEATING RATE
          mb          W/m2          W/m2          W/m2        W/m2          W/m2       degree/day
  60   .000300        0.0069        0.0000        1.7407        1.7407       1.733864       0.00000
  59    0.1000        0.0063        0.0006        1.7198        1.7204       1.714069       1.67562
  58    0.1403        0.0061        0.0008        1.7047        1.7056       1.699408       3.07012
  57    0.1968        0.0059        0.0012        1.6784        1.6796       1.673683       3.84232
  56    0.2760        0.0056        0.0016        1.6341        1.6357       1.630132       4.64062
  55    0.3871        0.0051        0.0021        1.5634        1.5655       1.560405       5.29648
  54    0.5430        0.0046        0.0028        1.4543        1.4571       1.452495       5.84133
  53    0.7617        0.0039        0.0034        1.2861        1.2895       1.285598       6.44019
  52     1.069        0.0031        0.0037        1.0457        1.0495       1.046342       6.58121
  51     1.499        0.0024        0.0037        0.7523        0.7559       0.753565       5.74202
  50     2.102        0.0017        0.0031        0.4664        0.4695       0.467843       3.99478
  49     2.949        0.0012        0.0024        0.2581        0.2604       0.259286       2.07895
  48     4.137        0.0008        0.0017        0.1381        0.1398       0.139011       0.85468
  47     5.803        0.0005        0.0013        0.0728        0.0741       0.073572       0.33150
  46     8.139        0.0003        0.0009        0.0388        0.0397       0.039349       0.12360
  45     11.42        0.0002        0.0006        0.0198        0.0204       0.020194       0.04932
  44     16.01        0.0001        0.0004        0.0090        0.0093       0.009236       0.02011
  43     22.46        0.0000        0.0002        0.0034        0.0036       0.003591       0.00739
  42     31.51        0.0000        0.0001        0.0011        0.0012       0.001179       0.00225
  41     44.20        0.0000        0.0000        0.0003        0.0003       0.000327       0.00057
  40     62.00        0.0000        0.0000        0.0001        0.0001       0.000070       0.00012
  39     85.78        0.0000        0.0000        0.0000        0.0000       0.000012       0.00002
  38     109.5        0.0000        0.0000        0.0000        0.0000       0.000002       0.00000
  37     133.1        0.0000        0.0000        0.0000        0.0000       0.000000       0.00000
  36     156.8        0.0000        0.0000        0.0000        0.0000       0.000000       0.00000
  35     180.6        0.0000        0.0000        0.0000        0.0000       0.000000       0.00000
  34     202.8        0.0000        0.0000        0.0000        0.0000       0.000000       0.00000
  33     228.4        0.0000        0.0000        0.0000        0.0000       0.000000       0.00000
  32     252.2        0.0000        0.0000        0.0000        0.0000       0.000000       0.00000
  31     276.0        0.0000        0.0000        0.0000        0.0000       0.000000       0.00000
  30     299.8        0.0000        0.0000        0.0000        0.0000       0.000000       0.00000
  29     323.5        0.0000        0.0000        0.0000        0.0000       0.000000       0.00000
  28     347.3        0.0000        0.0000        0.0000        0.0000       0.000000       0.00000
  27     371.1        0.0000        0.0000        0.0000        0.0000       0.000000       0.00000
  26     394.9        0.0000        0.0000        0.0000        0.0000       0.000000       0.00000
  25     418.6        0.0000        0.0000        0.0000        0.0000       0.000000       0.00000
  24     442.4        0.0000        0.0000        0.0000        0.0000       0.000000       0.00000
  23     466.2        0.0000        0.0000        0.0000        0.0000       0.000000       0.00000
  22     489.9        0.0000        0.0000        0.0000        0.0000       0.000000       0.00000
  21     513.7        0.0000        0.0000        0.0000        0.0000       0.000000       0.00000
  20     537.5        0.0000        0.0000        0.0000        0.0000       0.000000       0.00000
  19     561.3        0.0000        0.0000        0.0000        0.0000       0.000000       0.00000
  18     585.0        0.0000        0.0000        0.0000        0.0000       0.000000       0.00000
  17     608.8        0.0000        0.0000        0.0000        0.0000       0.000000       0.00000
  16     632.6        0.0000        0.0000        0.0000        0.0000       0.000000       0.00000
  15     656.4        0.0000        0.0000        0.0000        0.0000       0.000000       0.00000
  14     680.1        0.0000        0.0000        0.0000        0.0000       0.000000       0.00000
  13     703.9        0.0000        0.0000        0.0000        0.0000       0.000000       0.00000
  12     727.7        0.0000        0.0000        0.0000        0.0000       0.000000       0.00000
  11     751.5        0.0000        0.0000        0.0000        0.0000       0.000000       0.00000
  10     775.2        0.0000        0.0000        0.0000        0.0000       0.000000       0.00000
   9     799.0        0.0000        0.0000        0.0000        0.0000       0.000000       0.00000
   8     822.8        0.0000        0.0000        0.0000        0.0000       0.000000       0.00000
   7     846.6        0.0000        0.0000        0.0000        0.0000       0.000000       0.00000
   6     870.4        0.0000        0.0000        0.0000        0.0000       0.000000       0.00000
   5     894.1        0.0000        0.0000        0.0000        0.0000       0.000000       0.00000
   4     917.9        0.0000        0.0000        0.0000        0.0000       0.000000       0.00000
   3     941.7        0.0000        0.0000        0.0000        0.0000       0.000000       0.00000
   2     965.5        0.0000        0.0000        0.0000        0.0000       0.000000       0.00000
   1     989.2        0.0000        0.0000        0.0000        0.0000       0.000000       0.00000
   0    1013.0        0.0000        0.0000        0.0000        0.0000       0.000000       0.00000



 Wavenumbers:   820. -  2600. cm-1, ATM      1
 LEVEL PRESSURE   UPWARD FLUX   DIFDOWN FLUX  DIRDOWN FLUX  DOWNWARD FLUX   NET FLUX    HEATING RATE
          mb          W/m2          W/m2          W/m2        W/m2          W/m2       degree/day
  60   .000300        1.3349        0.0000        8.1430        8.1430       6.808028       0.00000
  59    0.1000        1.3349        0.0000        8.1331        8.1331       6.798141       0.83690
  58    0.1403        1.3349        0.0000        8.1309        8.1309       6.796002       0.44789
  57    0.1968        1.3349        0.0000        8.1281        8.1281       6.793162       0.42424
  56    0.2760        1.3349        0.0000        8.1245        8.1245       6.789594       0.38014
  55    0.3871        1.3349        0.0000        8.1201        8.1201       6.785133       0.33889
  54    0.5430        1.3349        0.0000        8.1143        8.1143       6.779376       0.31162
  53    0.7617        1.3349        0.0000        8.1063        8.1063       6.771389       0.30820
  52     1.069        1.3350        0.0000        8.0951        8.0951       6.760139       0.30944
  51     1.499        1.3350        0.0000        8.0799        8.0799       6.744948       0.29794
  50     2.102        1.3350        0.0000        8.0595        8.0595       6.724533       0.28542
  49     2.949        1.3350        0.0000        8.0314        8.0314       6.696390       0.28054
  48     4.137        1.3350        0.0000        7.9935        7.9935       6.658537       0.26899
  47     5.803        1.3350        0.0000        7.9444        7.9444       6.609406       0.24889
  46     8.139        1.3350        0.0000        7.8811        7.8811       6.546114       0.22858
  45     11.42        1.3350        0.0000        7.8004        7.8004       6.465370       0.20789
  44     16.01        1.3351        0.0000        7.7070        7.7070       6.371986       0.17141
  43     22.46        1.3351        0.0000        7.6181        7.6181       6.282971       0.11648
  42     31.51        1.3352        0.0000        7.5468        7.5468       6.211633       0.06655
  41     44.20        1.3353        0.0000        7.4816        7.4816       6.146348       0.04342
  40     62.00        1.3354        0.0000        7.3998        7.3998       6.064390       0.03886
  39     85.78        1.3357        0.0000        7.2958        7.2958       5.960155       0.03700
  38     109.5        1.3359        0.0000        7.1946        7.1946       5.858766       0.03599
  37     133.1        1.3361        0.0000        7.1003        7.1003       5.764182       0.03397
  36     156.8        1.3363        0.0000        7.0126        7.0126       5.676320       0.03116
  35     180.6        1.3366        0.0000        6.9166        6.9166       5.580007       0.03419
  34     202.8        1.3369        0.0000        6.8041        6.8042       5.467248       0.04281
  33     228.4        1.3373        0.0000        6.6630        6.6630       5.325689       0.04671
  32     252.2        1.3379        0.0000        6.4917        6.4917       5.153809       0.06101
  31     276.0        1.3385        0.0000        6.3090        6.3091       4.970530       0.06506
  30     299.8        1.3395        0.0000        6.1153        6.1153       4.775797       0.06912
  29     323.5        1.3408        0.0000        5.9197        5.9197       4.578880       0.06990
  28     347.3        1.3426        0.0000        5.7036        5.7036       4.361015       0.07733
  27     371.1        1.3447        0.0000        5.4648        5.4649       4.120155       0.08550
  26     394.9        1.3473        0.0000        5.2059        5.2060       3.858687       0.09281
  25     418.6        1.3503        0.0000        4.9521        4.9521       3.601758       0.09120
  24     442.4        1.3539        0.0000        4.7233        4.7234       3.369456       0.08246
  23     466.2        1.3578        0.0000        4.5370        4.5370       3.179180       0.06754
  22     489.9        1.3624        0.0000        4.3924        4.3925       3.030078       0.05293
  21     513.7        1.3679        0.0000        4.2764        4.2764       2.908568       0.04313
  20     537.5        1.3743        0.0000        4.1775        4.1776       2.803280       0.03737
  19     561.3        1.3819        0.0000        4.0839        4.0840       2.702136       0.03590
  18     585.0        1.3908        0.0000        3.9882        3.9883       2.597518       0.03713
  17     608.8        1.4010        0.0000        3.8907        3.8907       2.489703       0.03827
  16     632.6        1.4130        0.0000        3.7911        3.7912       2.378203       0.03958
  15     656.4        1.4273        0.0001        3.6867        3.6868       2.259460       0.04215
  14     680.1        1.4446        0.0001        3.5795        3.5796       2.134981       0.04418
  13     703.9        1.4653        0.0001        3.4709        3.4710       2.005676       0.04590
  12     727.7        1.4913        0.0001        3.3598        3.3599       1.868594       0.04866
  11     751.5        1.5252        0.0001        3.2443        3.2444       1.719176       0.05304
  10     775.2        1.5695        0.0001        3.1256        3.1256       1.556182       0.05786
   9     799.0        1.6283        0.0001        3.0033        3.0033       1.374982       0.06432
   8     822.8        1.1455        1.0650        1.2774        2.3424       1.196979       0.06318
   7     846.6        0.7393        1.2553        0.5435        1.7988       1.059539       0.04879
   6     870.4        0.3765        1.1048        0.2311        1.3359       0.959395       0.03555
   5     894.1        0.0355        0.8311        0.0982        0.9293       0.893836       0.02327
   4     917.9        0.0369        0.7886        0.0939        0.8824       0.845517       0.01715
   3     941.7        0.0386        0.7460        0.0894        0.8355       0.796903       0.01726
   2     965.5        0.0405        0.7037        0.0850        0.7887       0.748200       0.01729
   1     989.2        0.0428        0.6617        0.0806        0.7423       0.699585       0.01725
   0    1013.0        0.0455        0.6205        0.0762        0.6967       0.651211       0.01717

  Modules and versions used in this calculation:

       rrtmg_sw.1col.f90:  $Revision$                    rrtmg_sw_init.f90:  $Revision$        
     rrtmgsw_cldprop.f90:  $Revision$                  rrtmgsw_cldprmc.f90:  NOT USED          
     rrtmg_sw_reftra.f90:  $Revision$                  rrtmg_sw_spcvrt.f90:  NOT USED          
     rrtmg_sw_spcvmc.f90:  NOT USED                    rrtmgsw_setcoef.f90:  NOT USED          
     rrtmg_sw_taumol.f90:  $Revision$                  rrtmg_sw_vrtqdr.f90:  NOT USED          
                rrtatm.f:  NOT USED                             util_xxx.f:  NOT USED          
                 extra.f:  NOT USED                       rrtmg_sw_k_g.f90:  $Revision$        

