

 Wavenumbers:   820. - 50000. cm-1, ATM      1
 LEVEL PRESSURE   UPWARD FLUX   DIFDOWN FLUX  DIRDOWN FLUX  DOWNWARD FLUX   NET FLUX    HEATING RATE
          mb          W/m2          W/m2          W/m2        W/m2          W/m2       degree/day
  60   .000300      461.5415        0.0000      837.8224      837.8224     376.280925       0.00000
  59    0.1000      461.5382        0.0124      837.7137      837.7261     376.187876       7.87616
  58    0.1403      461.5372        0.0174      837.6563      837.6737     376.136453      10.76843
  57    0.1968      461.5362        0.0244      837.5614      837.5858     376.049520      12.98483
  56    0.2760      461.5354        0.0341      837.4070      837.4411     375.905756      15.31871
  55    0.3871      461.5349        0.0477      837.1641      837.2117     375.676885      17.38508
  54    0.5430      461.5353        0.0664      836.7876      836.8541     375.318712      19.38853
  53    0.7617      461.5386        0.0922      836.1942      836.2864     374.747719      22.03333
  52     1.069      461.5481        0.1276      835.2926      835.4202     373.872160      24.08399
  51     1.499      461.5699        0.1754      834.0471      834.2225     372.652618      23.91796
  50     2.102      461.6170        0.2400      832.4995      832.7396     371.122576      21.39205
  49     2.949      461.7141        0.3304      830.7483      831.0787     369.364679      17.52321
  48     4.137      461.8908        0.4562      828.8944      829.3506     367.459832      13.53594
  47     5.803      462.1674        0.6308      826.9459      827.5767     365.409374      10.38725
  46     8.139      462.5463        0.8739      824.8978      825.7717     363.225415       7.88751
  45     11.42      463.0189        1.2124      822.7006      823.9129     360.894043       6.00244
  44     16.01      463.5881        1.6829      820.2525      821.9353     358.347216       4.67474
  43     22.46      464.2604        2.3379      817.4463      819.7842     355.523840       3.69449
  42     31.51      464.9810        3.2500      814.2518      817.5017     352.520766       2.80146
  41     44.20      465.6265        4.5225      810.6480      815.1704     349.543937       1.97971
  40     62.00      466.1359        6.2816      806.4553      812.7369     346.601053       1.39526
  39     85.78      466.3135        8.6069      801.7674      810.3743     344.060747       0.90170
  38     109.5      466.2283       10.9428      797.4817      808.4245     342.196194       0.66184
  37     133.1      466.0731       13.1586      793.5510      806.7096     340.636477       0.56011
  36     156.8      465.8835       15.2841      789.8548      805.1389     339.255387       0.48974
  35     180.6      465.6287       17.5135      786.0084      803.5218     337.893196       0.48360
  34     202.8      465.3313       19.6326      782.2124      801.8450     336.513736       0.52375
  33     228.4      465.0039       21.7653      778.0467      799.8120     334.808153       0.56274
  32     252.2      464.6638       23.8748      773.4741      797.3489     332.685124       0.75359
  31     276.0      464.3173       25.9321      768.4389      794.3710     330.053651       0.93406
  30     299.8      463.9645       27.9781      762.7642      790.7423     326.777827       1.16278
  29     323.5      463.6176       30.0008      756.6288      786.6296     323.011986       1.33672
  28     347.3      463.2852       31.9788      750.2254      782.2042     318.919011       1.45284
  27     371.1      462.9701       33.9061      743.7251      777.6312     314.661101       1.51138
  26     394.9      462.6689       35.8347      736.8957      772.7304     310.061510       1.63267
  25     418.6      462.3924       37.7330      729.8721      767.6051     305.212681       1.72113
  24     442.4      462.1461       39.6046      722.6783      762.2828     300.136669       1.80178
  23     466.2      461.9323       41.4561      715.4381      756.8942     294.961878       1.83684
  22     489.9      461.7609       43.2628      708.2772      751.5400     289.779100       1.83967
  21     513.7      461.6391       45.0564      701.0441      746.1005     284.461375       1.88757
  20     537.5      461.5803       46.8098      693.8325      740.6423     279.061963       1.91657
  19     561.3      461.5959       48.5268      686.6319      735.1587     273.562858       1.95196
  18     585.0      461.6937       50.2449      679.3701      729.6150     267.921315       2.00252
  17     608.8      461.8809       51.9240      672.2525      724.1765     262.295602       1.99690
  16     632.6      462.1716       53.5653      665.2624      718.8277     256.656082       2.00180
  15     656.4      462.6030       55.2028      658.1915      713.3943     250.791247       2.08177
  14     680.1      463.2100       56.8035      651.1209      707.9245     244.714412       2.15703
  13     703.9      464.0322       58.3685      644.0582      702.4267     238.394486       2.24331
  12     727.7      465.1458       59.9214      636.8758      696.7972     231.651460       2.39350
  11     751.5      466.6686       61.4613      629.4911      690.9524     224.283735       2.61524
  10     775.2      468.7219       62.9691      621.9804      684.9494     216.227556       2.85961
   9     799.0      471.5073       64.4448      614.3441      678.7889     207.281676       3.17542
   8     822.8      343.7417      363.0738      179.4119      542.4857     198.743975       3.03053
   7     846.6      230.7198      370.8769       52.4130      423.2899     192.570183       2.19144
   6     870.4      123.1110      296.2287       15.3176      311.5464     188.435333       1.46770
   5     894.1       17.5543      199.1410        4.4776      203.6187     186.064404       0.84158
   4     917.9       17.2430      197.3660        4.4262      201.7922     184.549162       0.53785
   3     941.7       16.9371      195.6216        4.3758      199.9973     183.060184       0.52853
   2     965.5       16.6401      193.9154        4.3266      198.2420     181.601929       0.51762
   1     989.2       16.3532      192.2452        4.2786      196.5239     180.170619       0.50795
   0    1013.0       16.0784      190.6083        4.2318      194.8401     178.761704       0.50021



 Wavenumbers:  2600. -  3250. cm-1, ATM      1
 LEVEL PRESSURE   UPWARD FLUX   DIFDOWN FLUX  DIRDOWN FLUX  DOWNWARD FLUX   NET FLUX    HEATING RATE
          mb          W/m2          W/m2          W/m2        W/m2          W/m2       degree/day
  60   .000300        2.0622        0.0000        7.3841        7.3841       5.321909       0.00000
  59    0.1000        2.0622        0.0000        7.3840        7.3840       5.321837       0.00613
  58    0.1403        2.0622        0.0000        7.3840        7.3840       5.321808       0.00614
  57    0.1968        2.0622        0.0000        7.3839        7.3839       5.321766       0.00616
  56    0.2760        2.0622        0.0000        7.3839        7.3839       5.321709       0.00613
  55    0.3871        2.0622        0.0000        7.3838        7.3838       5.321624       0.00642
  54    0.5430        2.0622        0.0000        7.3837        7.3837       5.321499       0.00678
  53    0.7617        2.0622        0.0000        7.3835        7.3835       5.321302       0.00761
  52     1.069        2.0622        0.0000        7.3831        7.3831       5.320972       0.00908
  51     1.499        2.0622        0.0000        7.3825        7.3825       5.320363       0.01193
  50     2.102        2.0622        0.0000        7.3814        7.3814       5.319274       0.01522
  49     2.949        2.0622        0.0000        7.3795        7.3795       5.317389       0.01880
  48     4.137        2.0622        0.0000        7.3765        7.3765       5.314375       0.02142
  47     5.803        2.0622        0.0000        7.3721        7.3721       5.309943       0.02245
  46     8.139        2.0622        0.0000        7.3661        7.3661       5.303935       0.02170
  45     11.42        2.0622        0.0000        7.3586        7.3586       5.296427       0.01933
  44     16.01        2.0622        0.0000        7.3500        7.3500       5.287847       0.01575
  43     22.46        2.0622        0.0000        7.3407        7.3407       5.278523       0.01220
  42     31.51        2.0622        0.0000        7.3297        7.3297       5.267543       0.01024
  41     44.20        2.0622        0.0000        7.3134        7.3134       5.251160       0.01090
  40     62.00        2.0623        0.0000        7.2860        7.2860       5.223688       0.01303
  39     85.78        2.0625        0.0000        7.2438        7.2439       5.181371       0.01502
  38     109.5        2.0627        0.0001        7.1969        7.1970       5.134208       0.01674
  37     133.1        2.0630        0.0001        7.1517        7.1518       5.088776       0.01632
  36     156.8        2.0633        0.0001        7.1092        7.1093       5.045956       0.01518
  35     180.6        2.0638        0.0001        7.0662        7.0663       5.002529       0.01542
  34     202.8        2.0642        0.0001        7.0262        7.0263       4.962004       0.01539
  33     228.4        2.0650        0.0001        6.9846        6.9847       4.919765       0.01394
  32     252.2        2.0660        0.0001        6.9407        6.9408       4.874796       0.01596
  31     276.0        2.0673        0.0001        6.8941        6.8943       4.826924       0.01699
  30     299.8        2.0691        0.0001        6.8424        6.8426       4.773493       0.01897
  29     323.5        2.0714        0.0001        6.7849        6.7851       4.713716       0.02122
  28     347.3        2.0742        0.0001        6.7206        6.7208       4.646550       0.02384
  27     371.1        2.0777        0.0002        6.6496        6.6497       4.572050       0.02644
  26     394.9        2.0820        0.0002        6.5676        6.5678       4.485772       0.03063
  25     418.6        2.0872        0.0002        6.4741        6.4743       4.387143       0.03501
  24     442.4        2.0934        0.0002        6.3671        6.3673       4.273919       0.04019
  23     466.2        2.1008        0.0002        6.2486        6.2487       4.147963       0.04471
  22     489.9        2.1094        0.0002        6.1205        6.1207       4.011267       0.04852
  21     513.7        2.1197        0.0002        5.9812        5.9814       3.861665       0.05310
  20     537.5        2.1320        0.0002        5.8338        5.8340       3.702080       0.05665
  19     561.3        2.1463        0.0002        5.6819        5.6821       3.535770       0.05903
  18     585.0        2.1632        0.0002        5.5274        5.5276       3.364426       0.06082
  17     608.8        2.1826        0.0002        5.3761        5.3763       3.193685       0.06061
  16     632.6        2.2049        0.0002        5.2281        5.2283       3.023440       0.06043
  15     656.4        2.2314        0.0002        5.0791        5.0793       2.847911       0.06231
  14     680.1        2.2629        0.0002        4.9299        4.9301       2.667171       0.06416
  13     703.9        2.3007        0.0002        4.7798        4.7800       2.479344       0.06667
  12     727.7        2.3471        0.0002        4.6253        4.6255       2.278414       0.07132
  11     751.5        2.4058        0.0002        4.4633        4.4635       2.057678       0.07835
  10     775.2        2.4805        0.0002        4.2949        4.2951       1.814572       0.08629
   9     799.0        2.5774        0.0002        4.1205        4.1208       1.543381       0.09626
   8     822.8        1.7714        1.8908        1.1658        3.0567       1.285281       0.09161
   7     846.6        1.1344        1.9059        0.3300        2.2359       1.101473       0.06524
   6     870.4        0.5778        1.4651        0.0935        1.5586       0.980745       0.04285
   5     894.1        0.0583        0.9445        0.0265        0.9710       0.912689       0.02416
   4     917.9        0.0598        0.9044        0.0254        0.9298       0.869948       0.01517
   3     941.7        0.0616        0.8661        0.0244        0.8904       0.828830       0.01460
   2     965.5        0.0636        0.8294        0.0234        0.8528       0.789170       0.01408
   1     989.2        0.0660        0.7944        0.0224        0.8168       0.750793       0.01362
   0    1013.0        0.0687        0.7607        0.0215        0.7822       0.713466       0.01325



 Wavenumbers:  3250. -  4000. cm-1, ATM      1
 LEVEL PRESSURE   UPWARD FLUX   DIFDOWN FLUX  DIRDOWN FLUX  DOWNWARD FLUX   NET FLUX    HEATING RATE
          mb          W/m2          W/m2          W/m2        W/m2          W/m2       degree/day
  60   .000300        0.0280        0.0000       12.4485       12.4485      12.420508       0.00000
  59    0.1000        0.0280        0.0000       12.4290       12.4290      12.401005       1.65079
  58    0.1403        0.0280        0.0000       12.4252       12.4252      12.397291       0.77776
  57    0.1968        0.0280        0.0000       12.4208       12.4208      12.392819       0.66803
  56    0.2760        0.0280        0.0000       12.4156       12.4156      12.387656       0.55013
  55    0.3871        0.0280        0.0000       12.4096       12.4096      12.381623       0.45825
  54    0.5430        0.0280        0.0000       12.4022       12.4022      12.374295       0.39669
  53    0.7617        0.0280        0.0000       12.3928       12.3928      12.364834       0.36506
  52     1.069        0.0280        0.0000       12.3807       12.3807      12.352794       0.33119
  51     1.499        0.0280        0.0000       12.3664       12.3664      12.338436       0.28159
  50     2.102        0.0280        0.0000       12.3498       12.3498      12.321803       0.23256
  49     2.949        0.0280        0.0000       12.3302       12.3302      12.302268       0.19473
  48     4.137        0.0279        0.0000       12.3067       12.3068      12.278803       0.16675
  47     5.803        0.0279        0.0000       12.2766       12.2766      12.248685       0.15257
  46     8.139        0.0279        0.0000       12.2347       12.2348      12.206817       0.15121
  45     11.42        0.0279        0.0000       12.1733       12.1733      12.145403       0.15812
  44     16.01        0.0279        0.0000       12.0830       12.0830      12.055092       0.16577
  43     22.46        0.0279        0.0000       11.9527       11.9527      11.924802       0.17049
  42     31.51        0.0279        0.0000       11.7748       11.7748      11.746917       0.16594
  41     44.20        0.0279        0.0001       11.5551       11.5552      11.527280       0.14607
  40     62.00        0.0279        0.0001       11.3050       11.3051      11.277212       0.11856
  39     85.78        0.0278        0.0001       11.0142       11.0143      10.986424       0.10322
  38     109.5        0.0278        0.0001       10.7175       10.7176      10.689804       0.10529
  37     133.1        0.0278        0.0002       10.4459       10.4460      10.418257       0.09752
  36     156.8        0.0278        0.0002       10.1944       10.1946      10.166868       0.08914
  35     180.6        0.0277        0.0002        9.9218        9.9220       9.894309       0.09676
  34     202.8        0.0277        0.0002        9.5970        9.5973       9.569537       0.12331
  33     228.4        0.0277        0.0002        9.1820        9.1823       9.154595       0.13691
  32     252.2        0.0277        0.0003        8.7004        8.7006       8.672942       0.17097
  31     276.0        0.0277        0.0003        8.1693        8.1695       8.141847       0.18852
  30     299.8        0.0277        0.0003        7.5886        7.5889       7.561157       0.20612
  29     323.5        0.0278        0.0003        6.9823        6.9825       6.954762       0.21525
  28     347.3        0.0279        0.0003        6.3629        6.3631       6.335248       0.21990
  27     371.1        0.0280        0.0002        5.7699        5.7701       5.742127       0.21053
  26     394.9        0.0282        0.0002        5.2041        5.2043       5.176079       0.20092
  25     418.6        0.0285        0.0002        4.6962        4.6964       4.667872       0.18039
  24     442.4        0.0289        0.0002        4.2409        4.2411       4.212198       0.16175
  23     466.2        0.0294        0.0002        3.8328        3.8330       3.803507       0.14507
  22     489.9        0.0301        0.0002        3.4648        3.4650       3.434888       0.13084
  21     513.7        0.0311        0.0002        3.1218        3.1220       3.090922       0.12209
  20     537.5        0.0323        0.0002        2.8040        2.8042       2.771919       0.11323
  19     561.3        0.0338        0.0002        2.5083        2.5084       2.474620       0.10553
  18     585.0        0.0358        0.0001        2.2301        2.2302       2.194418       0.09946
  17     608.8        0.0384        0.0001        1.9731        1.9732       1.934849       0.09214
  16     632.6        0.0416        0.0001        1.7337        1.7338       1.692232       0.08612
  15     656.4        0.0460        0.0001        1.5041        1.5042       1.458259       0.08305
  14     680.1        0.0518        0.0001        1.2888        1.2889       1.237026       0.07853
  13     703.9        0.0598        0.0001        1.0908        1.0909       1.031020       0.07312
  12     727.7        0.0713        0.0001        0.9082        0.9083       0.836998       0.06887
  11     751.5        0.0884        0.0001        0.7390        0.7391       0.650700       0.06613
  10     775.2        0.1148        0.0000        0.5856        0.5857       0.470880       0.06383
   9     799.0        0.1576        0.0000        0.4484        0.4484       0.290880       0.06389
   8     822.8        0.0695        0.1177        0.0974        0.2151       0.145547       0.05159
   7     846.6        0.0291        0.0770        0.0206        0.0976       0.068508       0.02735
   6     870.4        0.0103        0.0375        0.0042        0.0418       0.031466       0.01315
   5     894.1        0.0000        0.0152        0.0008        0.0160       0.016030       0.00548
   4     917.9        0.0000        0.0089        0.0005        0.0094       0.009407       0.00235
   3     941.7        0.0000        0.0049        0.0003        0.0052       0.005216       0.00149
   2     965.5        0.0000        0.0026        0.0002        0.0027       0.002723       0.00089
   1     989.2        0.0001        0.0013        0.0001        0.0014       0.001311       0.00050
   0    1013.0        0.0001        0.0006        0.0001        0.0006       0.000525       0.00028



 Wavenumbers:  4000. -  4650. cm-1, ATM      1
 LEVEL PRESSURE   UPWARD FLUX   DIFDOWN FLUX  DIRDOWN FLUX  DOWNWARD FLUX   NET FLUX    HEATING RATE
          mb          W/m2          W/m2          W/m2        W/m2          W/m2       degree/day
  60   .000300        6.8982        0.0000       14.6183       14.6183       7.720063       0.00000
  59    0.1000        6.8982        0.0000       14.6182       14.6182       7.720054       0.00076
  58    0.1403        6.8982        0.0000       14.6182       14.6182       7.720051       0.00077
  57    0.1968        6.8982        0.0000       14.6182       14.6182       7.720045       0.00077
  56    0.2760        6.8982        0.0000       14.6182       14.6182       7.720038       0.00077
  55    0.3871        6.8982        0.0000       14.6182       14.6182       7.720028       0.00080
  54    0.5430        6.8982        0.0000       14.6182       14.6182       7.720012       0.00085
  53    0.7617        6.8982        0.0000       14.6182       14.6182       7.719987       0.00095
  52     1.069        6.8982        0.0000       14.6181       14.6181       7.719946       0.00114
  51     1.499        6.8982        0.0000       14.6180       14.6181       7.719869       0.00152
  50     2.102        6.8982        0.0000       14.6179       14.6179       7.719727       0.00197
  49     2.949        6.8982        0.0000       14.6176       14.6177       7.719474       0.00253
  48     4.137        6.8982        0.0000       14.6172       14.6172       7.719044       0.00305
  47     5.803        6.8982        0.0000       14.6165       14.6165       7.718351       0.00351
  46     8.139        6.8982        0.0000       14.6154       14.6154       7.717266       0.00392
  45     11.42        6.8982        0.0001       14.6137       14.6138       7.715592       0.00431
  44     16.01        6.8982        0.0001       14.6112       14.6112       7.713053       0.00466
  43     22.46        6.8982        0.0001       14.6074       14.6075       7.709260       0.00496
  42     31.51        6.8982        0.0002       14.6017       14.6018       7.703578       0.00530
  41     44.20        6.8983        0.0002       14.5927       14.5929       7.694583       0.00598
  40     62.00        6.8985        0.0003       14.5788       14.5791       7.680571       0.00664
  39     85.78        6.8990        0.0004       14.5592       14.5597       7.660708       0.00705
  38     109.5        6.8996        0.0006       14.5382       14.5387       7.639117       0.00766
  37     133.1        6.9004        0.0007       14.5177       14.5184       7.618030       0.00757
  36     156.8        6.9012        0.0008       14.4977       14.4985       7.597226       0.00738
  35     180.6        6.9023        0.0009       14.4759       14.4768       7.574463       0.00808
  34     202.8        6.9037        0.0010       14.4536       14.4546       7.550964       0.00892
  33     228.4        6.9054        0.0011       14.4280       14.4292       7.523741       0.00898
  32     252.2        6.9077        0.0013       14.3983       14.3996       7.491876       0.01131
  31     276.0        6.9106        0.0014       14.3635       14.3649       7.454355       0.01332
  30     299.8        6.9143        0.0015       14.3217       14.3232       7.408919       0.01613
  29     323.5        6.9189        0.0016       14.2720       14.2736       7.354764       0.01922
  28     347.3        6.9246        0.0017       14.2129       14.2146       7.290035       0.02298
  27     371.1        6.9310        0.0018       14.1438       14.1456       7.214606       0.02677
  26     394.9        6.9383        0.0019       14.0605       14.0624       7.124132       0.03211
  25     418.6        6.9465        0.0020       13.9639       13.9660       7.019522       0.03713
  24     442.4        6.9557        0.0021       13.8548       13.8569       6.901187       0.04200
  23     466.2        6.9662        0.0022       13.7365       13.7387       6.772577       0.04565
  22     489.9        6.9779        0.0023       13.6136       13.6160       6.638019       0.04776
  21     513.7        6.9916        0.0024       13.4859       13.4884       6.496782       0.05013
  20     537.5        7.0073        0.0025       13.3568       13.3593       6.351991       0.05139
  19     561.3        7.0255        0.0026       13.2261       13.2287       6.203215       0.05281
  18     585.0        7.0469        0.0027       13.0915       13.0942       6.047315       0.05534
  17     608.8        7.0714        0.0028       12.9542       12.9570       5.885570       0.05741
  16     632.6        7.0996        0.0029       12.8109       12.8138       5.714182       0.06084
  15     656.4        7.1333        0.0030       12.6541       12.6571       5.523746       0.06760
  14     680.1        7.1735        0.0030       12.4832       12.4863       5.312780       0.07488
  13     703.9        7.2218        0.0031       12.2977       12.3008       5.078991       0.08299
  12     727.7        7.2817        0.0032       12.0950       12.0981       4.816426       0.09320
  11     751.5        7.3584        0.0032       11.8732       11.8764       4.518032       0.10592
  10     775.2        7.4576        0.0033       11.6374       11.6407       4.183052       0.11890
   9     799.0        7.5893        0.0033       11.3910       11.3943       3.805044       0.13418
   8     822.8        5.3831        5.5329        3.2947        8.8276       3.444540       0.12796
   7     846.6        3.5183        5.7538        0.9538        6.7076       3.189366       0.09058
   6     870.4        1.7981        4.5433        0.2764        4.8197       3.021582       0.05956
   5     894.1        0.1385        2.9849        0.0802        3.0650       2.926545       0.03373
   4     917.9        0.1400        2.9276        0.0786        3.0063       2.866292       0.02139
   3     941.7        0.1417        2.8715        0.0771        2.9487       2.806960       0.02106
   2     965.5        0.1437        2.8163        0.0757        2.8920       2.748270       0.02083
   1     989.2        0.1460        2.7617        0.0743        2.8360       2.689980       0.02069
   0    1013.0        0.1487        2.7078        0.0729        2.7807       2.631960       0.02060



 Wavenumbers:  4650. -  5150. cm-1, ATM      1
 LEVEL PRESSURE   UPWARD FLUX   DIFDOWN FLUX  DIRDOWN FLUX  DOWNWARD FLUX   NET FLUX    HEATING RATE
          mb          W/m2          W/m2          W/m2        W/m2          W/m2       degree/day
  60   .000300        5.0693        0.0000       13.8369       13.8369       8.767614       0.00000
  59    0.1000        5.0693        0.0000       13.8347       13.8347       8.765495       0.17929
  58    0.1403        5.0693        0.0000       13.8339       13.8339       8.764657       0.17564
  57    0.1968        5.0693        0.0000       13.8327       13.8327       8.763491       0.17409
  56    0.2760        5.0693        0.0000       13.8312       13.8312       8.761902       0.16936
  55    0.3871        5.0693        0.0000       13.8290       13.8290       8.759722       0.16558
  54    0.5430        5.0693        0.0000       13.8260       13.8260       8.756786       0.15891
  53    0.7617        5.0693        0.0000       13.8221       13.8221       8.752882       0.15065
  52     1.069        5.0692        0.0000       13.8170       13.8170       8.747729       0.14175
  51     1.499        5.0692        0.0000       13.8105       13.8105       8.741245       0.12717
  50     2.102        5.0692        0.0000       13.8026       13.8026       8.733373       0.11006
  49     2.949        5.0692        0.0000       13.7933       13.7933       8.724073       0.09270
  48     4.137        5.0692        0.0000       13.7830       13.7831       8.713826       0.07282
  47     5.803        5.0693        0.0000       13.7724       13.7724       8.703172       0.05397
  46     8.139        5.0693        0.0001       13.7615       13.7616       8.692333       0.03915
  45     11.42        5.0693        0.0001       13.7497       13.7498       8.680540       0.03036
  44     16.01        5.0693        0.0001       13.7347       13.7348       8.665468       0.02766
  43     22.46        5.0694        0.0002       13.7122       13.7123       8.642896       0.02954
  42     31.51        5.0696        0.0002       13.6758       13.6761       8.606435       0.03401
  41     44.20        5.0700        0.0003       13.6167       13.6170       8.547051       0.03949
  40     62.00        5.0707        0.0004       13.5244       13.5249       8.454165       0.04404
  39     85.78        5.0719        0.0006       13.3944       13.3951       8.323137       0.04651
  38     109.5        5.0735        0.0008       13.2650       13.2658       8.192334       0.04643
  37     133.1        5.0754        0.0009       13.1487       13.1497       8.074329       0.04238
  36     156.8        5.0776        0.0011       13.0449       13.0460       7.968410       0.03756
  35     180.6        5.0803        0.0013       12.9437       12.9449       7.864631       0.03684
  34     202.8        5.0834        0.0014       12.8534       12.8548       7.771452       0.03538
  33     228.4        5.0871        0.0016       12.7658       12.7674       7.680279       0.03008
  32     252.2        5.0914        0.0017       12.6801       12.6819       7.590437       0.03189
  31     276.0        5.0965        0.0019       12.5950       12.5969       7.500350       0.03198
  30     299.8        5.1029        0.0020       12.5053       12.5073       7.404456       0.03404
  29     323.5        5.1105        0.0022       12.4093       12.4114       7.300890       0.03676
  28     347.3        5.1195        0.0023       12.3075       12.3098       7.190317       0.03925
  27     371.1        5.1298        0.0025       12.1993       12.2018       7.072011       0.04199
  26     394.9        5.1417        0.0026       12.0815       12.0841       6.942389       0.04601
  25     418.6        5.1555        0.0027       11.9549       11.9576       6.802091       0.04980
  24     442.4        5.1712        0.0029       11.8185       11.8214       6.650174       0.05392
  23     466.2        5.1891        0.0030       11.6730       11.6760       6.486920       0.05795
  22     489.9        5.2091        0.0031       11.5203       11.5234       6.314280       0.06128
  21     513.7        5.2319        0.0032       11.3577       11.3609       6.128950       0.06578
  20     537.5        5.2576        0.0033       11.1878       11.1911       5.933515       0.06937
  19     561.3        5.2867        0.0034       11.0105       11.0139       5.727163       0.07325
  18     585.0        5.3200        0.0035       10.8249       10.8284       5.508385       0.07766
  17     608.8        5.3572        0.0036       10.6366       10.6402       5.283061       0.07998
  16     632.6        5.3988        0.0037       10.4463       10.4500       5.051263       0.08228
  15     656.4        5.4469        0.0038       10.2497       10.2535       4.806546       0.08686
  14     680.1        5.5018        0.0039       10.0509       10.0548       4.553005       0.09000
  13     703.9        5.5645        0.0039        9.8514        9.8553       4.290804       0.09307
  12     727.7        5.6380        0.0040        9.6483        9.6523       4.014295       0.09815
  11     751.5        5.7261        0.0041        9.4402        9.4443       3.718202       0.10510
  10     775.2        5.8317        0.0041        9.2294        9.2335       3.401800       0.11231
   9     799.0        5.9604        0.0042        9.0169        9.0210       3.060650       0.12109
   8     822.8        4.2104        4.3514        2.6051        6.9565       2.746052       0.11167
   7     846.6        2.7440        4.5085        0.7531        5.2616       2.517631       0.08108
   6     870.4        1.4003        3.5469        0.2179        3.7648       2.364498       0.05436
   5     894.1        0.1082        2.3222        0.0631        2.3853       2.277035       0.03105
   4     917.9        0.1098        2.2696        0.0617        2.3313       2.221458       0.01973
   3     941.7        0.1115        2.2182        0.0604        2.2786       2.167049       0.01931
   2     965.5        0.1135        2.1684        0.0591        2.2275       2.113964       0.01884
   1     989.2        0.1157        2.1200        0.0579        2.1778       2.062132       0.01839
   0    1013.0        0.1182        2.0730        0.0566        2.1296       2.011457       0.01799



 Wavenumbers:  5150. -  6150. cm-1, ATM      1
 LEVEL PRESSURE   UPWARD FLUX   DIFDOWN FLUX  DIRDOWN FLUX  DOWNWARD FLUX   NET FLUX    HEATING RATE
          mb          W/m2          W/m2          W/m2        W/m2          W/m2       degree/day
  60   .000300       11.7945        0.0000       34.6891       34.6891      22.894540       0.00000
  59    0.1000       11.7945        0.0000       34.6886       34.6886      22.894044       0.04204
  58    0.1403       11.7945        0.0000       34.6884       34.6884      22.893843       0.04197
  57    0.1968       11.7945        0.0000       34.6881       34.6881      22.893561       0.04213
  56    0.2760       11.7945        0.0000       34.6877       34.6877      22.893170       0.04170
  55    0.3871       11.7945        0.0000       34.6871       34.6872      22.892620       0.04180
  54    0.5430       11.7945        0.0000       34.6864       34.6864      22.891853       0.04151
  53    0.7617       11.7945        0.0000       34.6853       34.6853      22.890782       0.04132
  52     1.069       11.7945        0.0000       34.6838       34.6838      22.889273       0.04151
  51     1.499       11.7945        0.0000       34.6817       34.6817      22.887178       0.04108
  50     2.102       11.7945        0.0001       34.6787       34.6788      22.884281       0.04051
  49     2.949       11.7945        0.0001       34.6746       34.6747      22.880186       0.04081
  48     4.137       11.7946        0.0001       34.6689       34.6690      22.874487       0.04050
  47     5.803       11.7946        0.0002       34.6610       34.6612      22.866624       0.03983
  46     8.139       11.7946        0.0003       34.6502       34.6505      22.855842       0.03894
  45     11.42       11.7947        0.0004       34.6356       34.6359      22.841191       0.03772
  44     16.01       11.7949        0.0005       34.6159       34.6164      22.821533       0.03608
  43     22.46       11.7951        0.0007       34.5899       34.5907      22.795537       0.03402
  42     31.51       11.7955        0.0010       34.5564       34.5574      22.761924       0.03136
  41     44.20       11.7961        0.0014       34.5139       34.5154      22.719293       0.02835
  40     62.00       11.7971        0.0020       34.4619       34.4639      22.666790       0.02489
  39     85.78       11.7986        0.0028       34.4020       34.4048      22.606190       0.02151
  38     109.5       11.8002        0.0036       34.3491       34.3527      22.552483       0.01906
  37     133.1       11.8018        0.0043       34.3031       34.3074      22.505638       0.01682
  36     156.8       11.8034        0.0050       34.2595       34.2645      22.461145       0.01578
  35     180.6       11.8051        0.0058       34.2031       34.2089      22.403752       0.02038
  34     202.8       11.8068        0.0065       34.1091       34.1157      22.308833       0.03604
  33     228.4       11.8087        0.0073       33.9252       33.9325      22.123763       0.06106
  32     252.2       11.8107        0.0080       33.6087       33.6166      21.805874       0.11284
  31     276.0       11.8129        0.0086       33.1225       33.1311      21.318190       0.17311
  30     299.8       11.8155        0.0092       32.4763       32.4855      20.670021       0.23007
  29     323.5       11.8186        0.0098       31.7610       31.7708      19.952166       0.25481
  28     347.3       11.8223        0.0103       31.0137       31.0240      19.201776       0.26636
  27     371.1       11.8266        0.0108       30.2247       30.2355      18.408873       0.28145
  26     394.9       11.8318        0.0112       29.3520       29.3632      17.531321       0.31149
  25     418.6       11.8382        0.0116       28.4400       28.4516      16.613410       0.32582
  24     442.4       11.8458        0.0119       27.5194       27.5313      15.685526       0.32936
  23     466.2       11.8549        0.0123       26.6227       26.6350      14.780108       0.32139
  22     489.9       11.8658        0.0126       25.7669       25.7795      13.913663       0.30755
  21     513.7       11.8792        0.0129       24.9371       24.9500      13.070800       0.29918
  20     537.5       11.8955        0.0132       24.1537       24.1669      12.271474       0.28373
  19     561.3       11.9153        0.0135       23.4247       23.4382      11.522906       0.26571
  18     585.0       11.9396        0.0138       22.7500       22.7638      10.824161       0.24803
  17     608.8       11.9686        0.0141       22.1480       22.1621      10.193496       0.22386
  16     632.6       12.0032        0.0144       21.6116       21.6260       9.622774       0.20258
  15     656.4       12.0460        0.0147       21.1193       21.1341       9.088036       0.18981
  14     680.1       12.0988        0.0150       20.6722       20.6872       8.588478       0.17732
  13     703.9       12.1639        0.0154       20.2664       20.2817       8.117841       0.16706
  12     727.7       12.2464        0.0157       19.8884       19.9041       7.657668       0.16334
  11     751.5       12.3534        0.0160       19.5264       19.5424       7.188976       0.16637
  10     775.2       12.4932        0.0163       19.1765       19.1928       6.699663       0.17369
   9     799.0       12.6783        0.0165       18.8290       18.8456       6.167265       0.18898
   8     822.8        9.0391        9.2351        5.4656       14.7007       5.661653       0.17947
   7     846.6        5.9385        9.6501        1.5874       11.2375       5.298929       0.12875
   6     870.4        3.0597        7.6569        0.4612        8.1181       5.058355       0.08539
   5     894.1        0.2703        5.0586        0.1341        5.1926       4.922357       0.04827
   4     917.9        0.2718        4.9782        0.1318        5.1100       4.838177       0.02988
   3     941.7        0.2736        4.9020        0.1296        5.0316       4.758008       0.02846
   2     965.5        0.2757        4.8307        0.1275        4.9582       4.682564       0.02678
   1     989.2        0.2782        4.7644        0.1255        4.8899       4.611726       0.02514
   0    1013.0        0.2814        4.7026        0.1237        4.8263       4.544945       0.02371



 Wavenumbers:  6150. -  7700. cm-1, ATM      1
 LEVEL PRESSURE   UPWARD FLUX   DIFDOWN FLUX  DIRDOWN FLUX  DOWNWARD FLUX   NET FLUX    HEATING RATE
          mb          W/m2          W/m2          W/m2        W/m2          W/m2       degree/day
  60   .000300       18.5793        0.0000       64.1588       64.1588      45.579512       0.00000
  59    0.1000       18.5793        0.0000       64.1581       64.1581      45.578852       0.05584
  58    0.1403       18.5792        0.0000       64.1578       64.1578      45.578585       0.05593
  57    0.1968       18.5792        0.0000       64.1574       64.1575      45.578208       0.05625
  56    0.2760       18.5792        0.0000       64.1569       64.1569      45.577685       0.05580
  55    0.3871       18.5792        0.0001       64.1561       64.1562      45.576947       0.05604
  54    0.5430       18.5792        0.0001       64.1551       64.1551      45.575916       0.05578
  53    0.7617       18.5792        0.0001       64.1536       64.1537      45.574475       0.05562
  52     1.069       18.5792        0.0001       64.1515       64.1516      45.572443       0.05590
  51     1.499       18.5791        0.0002       64.1486       64.1488      45.569626       0.05525
  50     2.102       18.5791        0.0003       64.1446       64.1448      45.565737       0.05437
  49     2.949       18.5790        0.0004       64.1389       64.1393      45.560252       0.05468
  48     4.137       18.5789        0.0006       64.1310       64.1316      45.552620       0.05423
  47     5.803       18.5788        0.0008       64.1201       64.1209      45.542070       0.05344
  46     8.139       18.5786        0.0011       64.1051       64.1062      45.527535       0.05249
  45     11.42       18.5784        0.0015       64.0845       64.0860      45.507617       0.05128
  44     16.01       18.5780        0.0021       64.0565       64.0586      45.480566       0.04965
  43     22.46       18.5776        0.0030       64.0187       64.0217      45.444134       0.04767
  42     31.51       18.5769        0.0042       63.9683       63.9725      45.395619       0.04526
  41     44.20       18.5759        0.0059       63.9021       63.9080      45.332064       0.04227
  40     62.00       18.5746        0.0082       63.8170       63.8252      45.250613       0.03862
  39     85.78       18.5729        0.0113       63.7137       63.7251      45.152181       0.03494
  38     109.5       18.5711        0.0145       63.6174       63.6319      45.060821       0.03243
  37     133.1       18.5695        0.0176       63.5307       63.5482      44.978790       0.02946
  36     156.8       18.5679        0.0205       63.4470       63.4675      44.899668       0.02806
  35     180.6       18.5662        0.0237       63.3411       63.3648      44.798598       0.03588
  34     202.8       18.5647        0.0267       63.1774       63.2041      44.639375       0.06045
  33     228.4       18.5634        0.0297       62.8910       62.9207      44.357305       0.09307
  32     252.2       18.5624        0.0326       62.4548       62.4874      43.925011       0.15345
  31     276.0       18.5619        0.0353       61.8034       61.8387      43.276832       0.23008
  30     299.8       18.5622        0.0378       60.8493       60.8871      42.324923       0.33789
  29     323.5       18.5637        0.0402       59.6406       59.6808      41.117124       0.42872
  28     347.3       18.5667        0.0423       58.2994       58.3417      39.774954       0.47641
  27     371.1       18.5717        0.0443       56.9373       56.9816      38.409961       0.48452
  26     394.9       18.5791        0.0462       55.4853       55.5315      36.952385       0.51738
  25     418.6       18.5896        0.0478       53.9434       53.9912      35.401617       0.55046
  24     442.4       18.6037        0.0493       52.3152       52.3645      33.760727       0.58245
  23     466.2       18.6222        0.0507       50.6699       50.7205      32.098318       0.59009
  22     489.9       18.6457        0.0519       49.0609       49.1128      30.467168       0.57899
  21     513.7       18.6759        0.0531       47.4627       47.5158      28.839909       0.57761
  20     537.5       18.7139        0.0541       45.9016       45.9557      27.241815       0.56726
  19     561.3       18.7615        0.0550       44.3828       44.4378      25.676296       0.55569
  18     585.0       18.8211        0.0559       42.9069       42.9628      24.141761       0.54470
  17     608.8       18.8930        0.0568       41.5192       41.5761      22.683093       0.51777
  16     632.6       18.9796        0.0576       40.2123       40.2699      21.290316       0.49438
  15     656.4       19.0876        0.0584       38.9372       38.9956      19.907938       0.49069
  14     680.1       19.2219        0.0591       37.7038       37.7629      18.541016       0.48520
  13     703.9       19.3892        0.0597       36.5148       36.5745      17.185273       0.48123
  12     727.7       19.6033        0.0603       35.3478       35.4080      15.804771       0.49002
  11     751.5       19.8862        0.0607       34.1879       34.2486      14.362403       0.51198
  10     775.2       20.2631        0.0611       33.0529       33.1140      12.850986       0.53649
   9     799.0       20.7804        0.0614       31.9455       32.0069      11.226490       0.57663
   8     822.8       14.5691       15.1886        9.1328       24.3214       9.752348       0.52326
   7     846.6        9.4554       15.6025        2.6172       18.2197       8.764322       0.35071
   6     870.4        4.8276       12.2160        0.7516       12.9676       8.140010       0.22161
   5     894.1        0.3998        7.9804        0.2162        8.1966       7.796779       0.12183
   4     917.9        0.4039        7.7802        0.2105        7.9907       7.586789       0.07454
   3     941.7        0.4088        7.5908        0.2051        7.7959       7.387116       0.07088
   2     965.5        0.4145        7.4121        0.2000        7.6120       7.197525       0.06730
   1     989.2        0.4214        7.2434        0.1952        7.4385       7.017120       0.06402
   0    1013.0        0.4297        7.0833        0.1906        7.2739       6.844200       0.06139



 Wavenumbers:  7700. -  8050. cm-1, ATM      1
 LEVEL PRESSURE   UPWARD FLUX   DIFDOWN FLUX  DIRDOWN FLUX  DOWNWARD FLUX   NET FLUX    HEATING RATE
          mb          W/m2          W/m2          W/m2        W/m2          W/m2       degree/day
  60   .000300        9.0624        0.0000       15.1626       15.1626       6.100270       0.00000
  59    0.1000        9.0624        0.0000       15.1625       15.1625       6.100050       0.01864
  58    0.1403        9.0624        0.0000       15.1624       15.1624       6.099961       0.01874
  57    0.1968        9.0625        0.0000       15.1623       15.1623       6.099835       0.01884
  56    0.2760        9.0625        0.0000       15.1622       15.1622       6.099659       0.01869
  55    0.3871        9.0626        0.0000       15.1620       15.1620       6.099412       0.01877
  54    0.5430        9.0627        0.0000       15.1617       15.1617       6.099067       0.01870
  53    0.7617        9.0628        0.0000       15.1613       15.1614       6.098583       0.01866
  52     1.069        9.0630        0.0001       15.1608       15.1609       6.097900       0.01879
  51     1.499        9.0632        0.0001       15.1601       15.1602       6.096950       0.01862
  50     2.102        9.0636        0.0001       15.1591       15.1592       6.095633       0.01841
  49     2.949        9.0641        0.0002       15.1576       15.1578       6.093765       0.01862
  48     4.137        9.0648        0.0003       15.1556       15.1559       6.091143       0.01863
  47     5.803        9.0657        0.0004       15.1528       15.1532       6.087477       0.01857
  46     8.139        9.0671        0.0005       15.1489       15.1494       6.082348       0.01852
  45     11.42        9.0690        0.0007       15.1434       15.1442       6.075168       0.01849
  44     16.01        9.0717        0.0010       15.1358       15.1368       6.065128       0.01843
  43     22.46        9.0754        0.0014       15.1251       15.1265       6.051075       0.01839
  42     31.51        9.0807        0.0020       15.1101       15.1121       6.031411       0.01834
  41     44.20        9.0882        0.0028       15.0892       15.0920       6.003866       0.01832
  40     62.00        9.0987        0.0039       15.0604       15.0643       5.965615       0.01814
  39     85.78        9.1128        0.0054       15.0223       15.0277       5.914847       0.01802
  38     109.5        9.1274        0.0069       14.9841       14.9910       5.863577       0.01820
  37     133.1        9.1417        0.0083       14.9478       14.9562       5.814485       0.01763
  36     156.8        9.1557        0.0097       14.9129       14.9226       5.766958       0.01685
  35     180.6        9.1708        0.0112       14.8763       14.8875       5.716716       0.01784
  34     202.8        9.1855        0.0126       14.8414       14.8540       5.668547       0.01829
  33     228.4        9.2007        0.0140       14.8062       14.8203       5.619568       0.01616
  32     252.2        9.2162        0.0155       14.7713       14.7868       5.570577       0.01739
  31     276.0        9.2317        0.0169       14.7370       14.7539       5.522204       0.01717
  30     299.8        9.2477        0.0184       14.7027       14.7211       5.473432       0.01731
  29     323.5        9.2639        0.0198       14.6685       14.6883       5.424398       0.01741
  28     347.3        9.2804        0.0212       14.6347       14.6559       5.375524       0.01735
  27     371.1        9.2971        0.0226       14.6014       14.6240       5.326917       0.01725
  26     394.9        9.3144        0.0240       14.5675       14.5916       5.277134       0.01767
  25     418.6        9.3323        0.0254       14.5336       14.5591       5.226812       0.01786
  24     442.4        9.3506        0.0269       14.4995       14.5264       5.175772       0.01812
  23     466.2        9.3696        0.0283       14.4651       14.4934       5.123794       0.01845
  22     489.9        9.3890        0.0296       14.4307       14.4604       5.071408       0.01859
  21     513.7        9.4092        0.0310       14.3957       14.4267       5.017496       0.01914
  20     537.5        9.4301        0.0324       14.3603       14.3928       4.962655       0.01947
  19     561.3        9.4517        0.0338       14.3246       14.3584       4.906645       0.01988
  18     585.0        9.4746        0.0352       14.2875       14.3227       4.848056       0.02080
  17     608.8        9.4984        0.0365       14.2500       14.2865       4.788151       0.02126
  16     632.6        9.5231        0.0378       14.2119       14.2498       4.726717       0.02181
  15     656.4        9.5494        0.0392       14.1722       14.2114       4.662008       0.02297
  14     680.1        9.5772        0.0405       14.1314       14.1719       4.594686       0.02390
  13     703.9        9.6066        0.0418       14.0891       14.1309       4.524285       0.02499
  12     727.7        9.6385        0.0431       14.0446       14.0877       4.449249       0.02663
  11     751.5        9.6733        0.0444       13.9973       14.0417       4.368422       0.02869
  10     775.2        9.7112        0.0457       13.9473       13.9931       4.281846       0.03073
   9     799.0        9.7527        0.0470       13.8944       13.9414       4.188686       0.03307
   8     822.8        7.0823        7.0849        4.0939       11.1788       4.096456       0.03274
   7     846.6        4.7210        7.5373        1.2055        8.7428       4.021815       0.02649
   6     870.4        2.4653        6.0776        0.3550        6.4325       3.967276       0.01936
   5     894.1        0.2381        4.0674        0.1045        4.1719       3.933810       0.01188
   4     917.9        0.2390        4.0459        0.1040        4.1499       3.910912       0.00813
   3     941.7        0.2400        4.0236        0.1036        4.1272       3.887213       0.00841
   2     965.5        0.2410        4.0008        0.1030        4.1038       3.862839       0.00865
   1     989.2        0.2421        3.9774        0.1025        4.0799       3.837781       0.00889
   0    1013.0        0.2433        3.9534        0.1020        4.0554       3.812033       0.00914



 Wavenumbers:  8050. - 12850. cm-1, ATM      1
 LEVEL PRESSURE   UPWARD FLUX   DIFDOWN FLUX  DIRDOWN FLUX  DOWNWARD FLUX   NET FLUX    HEATING RATE
          mb          W/m2          W/m2          W/m2        W/m2          W/m2       degree/day
  60   .000300      113.5863        0.0000      212.2880      212.2880      98.701631       0.00000
  59    0.1000      113.5863        0.0003      212.2876      212.2879      98.701631       0.00000
  58    0.1403      113.5862        0.0004      212.2874      212.2878      98.701631      -0.00000
  57    0.1968      113.5862        0.0006      212.2872      212.2878      98.701631      -0.00000
  56    0.2760      113.5861        0.0008      212.2869      212.2877      98.701631       0.00000
  55    0.3871      113.5860        0.0012      212.2864      212.2876      98.701631      -0.00000
  54    0.5430      113.5858        0.0016      212.2858      212.2875      98.701631      -0.00000
  53    0.7617      113.5856        0.0023      212.2850      212.2873      98.701631       0.00000
  52     1.069      113.5853        0.0032      212.2837      212.2870      98.701631       0.00000
  51     1.499      113.5849        0.0045      212.2820      212.2866      98.701631       0.00000
  50     2.102      113.5844        0.0063      212.2797      212.2860      98.701631       0.00000
  49     2.949      113.5836        0.0089      212.2763      212.2852      98.701631       0.00000
  48     4.137      113.5825        0.0124      212.2717      212.2841      98.701631       0.00000
  47     5.803      113.5809        0.0175      212.2651      212.2825      98.701631       0.00000
  46     8.139      113.5787        0.0245      212.2559      212.2804      98.701631      -0.00000
  45     11.42      113.5757        0.0343      212.2430      212.2773      98.701631       0.00000
  44     16.01      113.5714        0.0480      212.2250      212.2730      98.701631       0.00000
  43     22.46      113.5654        0.0673      212.1998      212.2670      98.701631      -0.00000
  42     31.51      113.5570        0.0943      212.1643      212.2586      98.701631       0.00000
  41     44.20      113.5452        0.1323      212.1145      212.2468      98.701631      -0.00000
  40     62.00      113.5287        0.1853      212.0450      212.2303      98.701631       0.00000
  39     85.78      113.5066        0.2560      211.9522      212.2082      98.701631      -0.00000
  38     109.5      113.4847        0.3280      211.8451      212.1731      98.688372       0.00471
  37     133.1      113.4636        0.3972      211.7421      212.1393      98.675686       0.00456
  36     156.8      113.4430        0.4646      211.6412      212.1057      98.662702       0.00460
  35     180.6      113.4211        0.5362      211.5292      212.0654      98.644242       0.00655
  34     202.8      113.4003        0.6052      211.4041      212.0093      98.609046       0.01336
  33     228.4      113.3793        0.6755      211.2349      211.9104      98.531106       0.02572
  32     252.2      113.3593        0.7459      211.0003      211.7462      98.386908       0.05118
  31     276.0      113.3413        0.8152      210.6760      211.4912      98.149951       0.08411
  30     299.8      113.3262        0.8849      210.2328      211.1176      97.791475       0.12724
  29     323.5      113.3155        0.9543      209.6743      210.6286      97.313137       0.16979
  28     347.3      113.3111        1.0227      209.0175      210.0403      96.729159       0.20729
  27     371.1      113.3141        1.0899      208.2872      209.3771      96.062997       0.23646
  26     394.9      113.3268        1.1574      207.4416      208.5990      95.272270       0.28068
  25     418.6      113.3513        1.2241      206.4758      207.7000      94.348706       0.32783
  24     442.4      113.3906        1.2900      205.3737      206.6637      93.273089       0.38180
  23     466.2      113.4467        1.3552      204.1488      205.5040      92.057300       0.43156
  22     489.9      113.5219        1.4189      202.8236      204.2425      90.720566       0.47449
  21     513.7      113.6221        1.4819      201.3667      202.8486      89.226481       0.53034
  20     537.5      113.7514        1.5432      199.7935      201.3367      87.585325       0.58254
  19     561.3      113.9156        1.6029      198.0998      199.7027      85.787141       0.63828
  18     585.0      114.1221        1.6623      196.2781      197.9404      83.818330       0.69885
  17     608.8      114.3718        1.7201      194.3934      196.1135      81.741730       0.73711
  16     632.6      114.6718        1.7762      192.4530      194.2291      79.557331       0.77537
  15     656.4      115.0441        1.8316      190.4000      192.2316      77.187480       0.84120
  14     680.1      115.5036        1.8850      188.2528      190.1378      74.634177       0.90632
  13     703.9      116.0703        1.9364      186.0204      187.9567      71.886401       0.97535
  12     727.7      116.7845        1.9862      183.6647      185.6509      68.866377       1.07198
  11     751.5      117.7067        2.0341      181.1466      183.1808      65.474034       1.20414
  10     775.2      118.8942        2.0793      178.4925      180.5718      61.677607       1.34758
   9     799.0      120.4433        2.1217      175.7106      177.8324      57.389085       1.52225
   8     822.8       86.2266       88.3478       51.1176      139.4653      53.238749       1.47320
   7     846.6       56.8421       92.1766       14.8756      107.0523      50.210154       1.07503
   6     870.4       29.3980       73.2400        4.3303       77.5703      48.172299       0.72335
   5     894.1        2.7698       48.5118        1.2610       49.7728      47.003073       0.41503
   4     917.9        2.7810       47.7961        1.2419       49.0381      46.257032       0.26481
   3     941.7        2.7955       47.0958        1.2232       48.3190      45.523527       0.26036
   2     965.5        2.8135       46.4140        1.2050       47.6191      44.805549       0.25485
   1     989.2        2.8360       45.7495        1.1873       46.9368      44.100877       0.25008
   0    1013.0        2.8637       45.1016        1.1701       46.2717      43.407951       0.24601



 Wavenumbers: 12850. - 16000. cm-1, ATM      1
 LEVEL PRESSURE   UPWARD FLUX   DIFDOWN FLUX  DIRDOWN FLUX  DOWNWARD FLUX   NET FLUX    HEATING RATE
          mb          W/m2          W/m2          W/m2        W/m2          W/m2       degree/day
  60   .000300       82.8817        0.0000      133.0172      133.0172      50.135429       0.00000
  59    0.1000       82.8817        0.0007      133.0095      133.0102      50.128455       0.59033
  58    0.1403       82.8818        0.0009      133.0064      133.0074      50.125572       0.60364
  57    0.1968       82.8819        0.0013      133.0021      133.0034      50.121483       0.61073
  56    0.2760       82.8822        0.0018      132.9962      132.9980      50.115776       0.60820
  55    0.3871       82.8827        0.0025      132.9880      132.9905      50.107799       0.60590
  54    0.5430       82.8837        0.0036      132.9769      132.9805      50.096816       0.59456
  53    0.7617       82.8854        0.0050      132.9618      132.9668      50.081461       0.59250
  52     1.069       82.8886        0.0070      132.9413      132.9483      50.059660       0.59969
  51     1.499       82.8947        0.0098      132.9135      132.9233      50.028611       0.60893
  50     2.102       82.9061        0.0137      132.8748      132.8886      49.982455       0.64533
  49     2.949       82.9279        0.0193      132.8176      132.8368      49.908955       0.73267
  48     4.137       82.9659        0.0270      132.7325      132.7595      49.793669       0.81923
  47     5.803       83.0244        0.0379      132.6115      132.6494      49.624996       0.85447
  46     8.139       83.1042        0.0530      132.4493      132.5023      49.398104       0.81943
  45     11.42       83.2044        0.0742      132.2424      132.3167      49.112244       0.73599
  44     16.01       83.3260        0.1038      131.9828      132.0866      48.760582       0.64548
  43     22.46       83.4709        0.1453      131.6592      131.8045      48.333551       0.55879
  42     31.51       83.6299        0.2033      131.2747      131.4780      47.848077       0.45288
  41     44.20       83.7816        0.2846      130.8450      131.1297      47.348030       0.33255
  40     62.00       83.9177        0.3980      130.3669      130.7649      46.847214       0.23744
  39     85.78       84.0041        0.5493      129.8828      130.4321      46.427993       0.14881
  38     109.5       84.0558        0.7042      129.4797      130.1839      46.128064       0.10646
  37     133.1       84.0890        0.8531      129.1217      129.9748      45.885829       0.08699
  36     156.8       84.1122        0.9977      128.7892      129.7869      45.674665       0.07488
  35     180.6       84.1250        1.1511      128.4511      129.6022      45.477235       0.07009
  34     202.8       84.1260        1.2987      128.1377      129.4364      45.310433       0.06333
  33     228.4       84.1216        1.4490      127.8216      129.2705      45.148893       0.05330
  32     252.2       84.1145        1.5994      127.5049      129.1043      44.989789       0.05648
  31     276.0       84.1050        1.7478      127.1922      128.9400      44.835004       0.05494
  30     299.8       84.0942        1.8972      126.8751      128.7723      44.678136       0.05568
  29     323.5       84.0842        2.0466      126.5537      128.6003      44.516152       0.05750
  28     347.3       84.0760        2.1945      126.2298      128.4242      44.348240       0.05960
  27     371.1       84.0701        2.3402      125.9047      128.2449      44.174856       0.06154
  26     394.9       84.0672        2.4876      125.5688      128.0565      43.989305       0.06586
  25     418.6       84.0684        2.6344      125.2257      127.8602      43.791768       0.07012
  24     442.4       84.0748        2.7807      124.8736      127.6543      43.579447       0.07537
  23     466.2       84.0871        2.9270      124.5111      127.4381      43.350970       0.08110
  22     489.9       84.1060        3.0712      124.1420      127.2132      43.107253       0.08651
  21     513.7       84.1334        3.2157      123.7577      126.9734      42.839988       0.09487
  20     537.5       84.1708        3.3584      123.3614      126.7198      42.549038       0.10328
  19     561.3       84.2198        3.4993      122.9509      126.4502      42.230364       0.11312
  18     585.0       84.2825        3.6415      122.5175      126.1590      41.876495       0.12561
  17     608.8       84.3565        3.7815      122.0752      125.8567      41.500142       0.13359
  16     632.6       84.4433        3.9193      121.6228      125.5420      41.098706       0.14249
  15     656.4       84.5481        4.0575      121.1473      125.2049      40.656711       0.15689
  14     680.1       84.6738        4.1933      120.6531      124.8464      40.172638       0.17183
  13     703.9       84.8242        4.3265      120.1376      124.4640      39.639843       0.18912
  12     727.7       85.0079        4.4589      119.5892      124.0480      39.040164       0.21286
  11     751.5       85.2325        4.5902      119.0038      123.5940      38.361508       0.24089
  10     775.2       85.5041        4.7186      118.3848      123.1034      37.599215       0.27058
   9     799.0       85.8332        4.8437      117.7284      122.5721      36.738869       0.30539
   8     822.8       62.5819       63.8443       34.6147       98.4591      35.877142       0.30588
   7     846.6       41.8953       66.9126       10.1774       77.0900      35.194761       0.24222
   6     870.4       22.1009       53.8149        2.9922       56.8071      34.706154       0.17344
   5     894.1        2.6303       36.1624        0.8796       37.0420      34.411649       0.10454
   4     917.9        2.6160       35.9547        0.8741       36.8288      34.212814       0.07058
   3     941.7        2.6026       35.7442        0.8686       36.6128      34.010185       0.07192
   2     965.5        2.5904       35.5323        0.8631       36.3954      33.805015       0.07283
   1     989.2        2.5793       35.3193        0.8575       36.1769      33.597557       0.07362
   0    1013.0        2.5695       35.1054        0.8520       35.9573      33.387780       0.07448



 Wavenumbers: 16000. - 22650. cm-1, ATM      1
 LEVEL PRESSURE   UPWARD FLUX   DIFDOWN FLUX  DIRDOWN FLUX  DOWNWARD FLUX   NET FLUX    HEATING RATE
          mb          W/m2          W/m2          W/m2        W/m2          W/m2       degree/day
  60   .000300      141.6387        0.0000      212.0812      212.0812      70.442466       0.00000
  59    0.1000      141.6384        0.0036      212.0760      212.0796      70.441214       0.10600
  58    0.1403      141.6385        0.0051      212.0737      212.0787      70.440211       0.21010
  57    0.1968      141.6389        0.0071      212.0701      212.0773      70.438396       0.27104
  56    0.2760      141.6396        0.0100      212.0648      212.0748      70.435205       0.34001
  55    0.3871      141.6411        0.0140      212.0569      212.0709      70.429825       0.40865
  54    0.5430      141.6437        0.0197      212.0449      212.0646      70.420805       0.48831
  53    0.7617      141.6489        0.0276      212.0263      212.0538      70.404887       0.61424
  52     1.069      141.6590        0.0387      211.9965      212.0353      70.376270       0.78717
  51     1.499      141.6780        0.0542      211.9488      212.0030      70.325037       1.00480
  50     2.102      141.7142        0.0757      211.8701      211.9458      70.231558       1.30696
  49     2.949      141.7839        0.1062      211.7353      211.8415      70.057537       1.73468
  48     4.137      141.9064        0.1489      211.5152      211.6641      69.757713       2.13056
  47     5.803      142.0954        0.2085      211.1861      211.3946      69.299201       2.32274
  46     8.139      142.3535        0.2919      210.7354      211.0273      68.673741       2.25889
  45     11.42      142.6765        0.4084      210.1559      210.5643      67.887789       2.02354
  44     16.01      143.0675        0.5712      209.4264      209.9975      66.930054       1.75794
  43     22.46      143.5315        0.7987      208.5155      209.3142      65.782712       1.50134
  42     31.51      144.0359        1.1168      207.4281      208.5449      64.509002       1.18820
  41     44.20      144.5082        1.5624      206.1997      207.7621      63.253895       0.83470
  40     62.00      144.9171        2.1819      204.7997      206.9817      62.064560       0.56388
  39     85.78      145.1498        3.0065      203.3150      206.3215      61.171770       0.31690
  38     109.5      145.2104        3.8407      202.0234      205.8641      60.653680       0.18390
  37     133.1      145.2229        4.6392      200.8408      205.4801      60.257187       0.14239
  36     156.8      145.2097        5.4119      199.7260      205.1379      59.928274       0.11663
  35     180.6      145.1622        6.2290      198.5859      204.8149      59.652776       0.09781
  34     202.8      145.0840        7.0120      197.5309      204.5429      59.458920       0.07360
  33     228.4      144.9876        7.8066      196.4789      204.2855      59.297897       0.05313
  32     252.2      144.8807        8.5992      195.4408      204.0400      59.159302       0.04920
  31     276.0      144.7650        9.3787      194.4310      203.8096      59.044585       0.04072
  30     299.8      144.6405       10.1603      193.4267      203.5869      58.946435       0.03484
  29     323.5      144.5122       10.9395      192.4286      203.3681      58.855901       0.03214
  28     347.3      144.3822       11.7079      191.4464      203.1543      58.772101       0.02975
  27     371.1      144.2514       12.4628      190.4836      202.9463      58.694927       0.02739
  26     394.9      144.1169       13.2244      189.5132      202.7376      58.620750       0.02633
  25     418.6      143.9815       13.9803      188.5503      202.5306      58.549050       0.02545
  24     442.4      143.8455       14.7317      187.5927      202.3244      58.478844       0.02492
  23     466.2      143.7085       15.4813      186.6371      202.1183      58.409790       0.02451
  22     489.9      143.5727       16.2186      185.6961      201.9148      58.342114       0.02402
  21     513.7      143.4362       16.9567      184.7529      201.7096      58.273396       0.02439
  20     537.5      143.3017       17.6841      183.8209      201.5050      58.203343       0.02487
  19     561.3      143.1694       18.4024      182.8981      201.3004      58.131051       0.02566
  18     585.0      143.0365       19.1269      181.9641      201.0911      58.054536       0.02716
  17     608.8      142.9065       19.8408      181.0409      200.8817      57.975178       0.02817
  16     632.6      142.7796       20.5443      180.1276      200.6720      57.892394       0.02938
  15     656.4      142.6537       21.2520      179.2047      200.4567      57.803003       0.03173
  14     680.1      142.5325       21.9496      178.2893      200.2389      57.706433       0.03428
  13     703.9      142.4167       22.6374      177.3803      200.0178      57.601030       0.03741
  12     727.7      142.3057       23.3259      176.4629      199.7888      57.483011       0.04189
  11     751.5      142.2014       24.0146      175.5353      199.5499      57.348502       0.04775
  10     775.2      142.1064       24.6952      174.6074      199.3027      57.196263       0.05404
   9     799.0      142.0224       25.3676      173.6783      199.0459      57.023542       0.06131
   8     822.8      105.2582      111.0187       51.0847      162.1034      56.845150       0.06332
   7     846.6       71.8761      113.5474       15.0257      128.5730      56.696913       0.05262
   6     870.4       39.5207       91.6864        4.4202       96.1066      56.585874       0.03941
   5     894.1        7.4824       62.6980        1.3001       63.9981      56.515754       0.02489
   4     917.9        7.3569       62.5298        1.2930       63.8228      56.465920       0.01769
   3     941.7        7.2314       62.3597        1.2858       63.6455      56.414133       0.01838
   2     965.5        7.1067       62.1889        1.2787       63.4676      56.360829       0.01892
   1     989.2        6.9830       62.0176        1.2716       63.2892      56.306181       0.01939
   0    1013.0        6.8601       61.8459        1.2646       63.1104      56.250297       0.01984



 Wavenumbers: 22650. - 29000. cm-1, ATM      1
 LEVEL PRESSURE   UPWARD FLUX   DIFDOWN FLUX  DIRDOWN FLUX  DOWNWARD FLUX   NET FLUX    HEATING RATE
          mb          W/m2          W/m2          W/m2        W/m2          W/m2       degree/day
  60   .000300       58.8836        0.0000       80.0317       80.0317      21.148119       0.00000
  59    0.1000       58.8828        0.0042       80.0267       80.0309      21.148119       0.00000
  58    0.1403       58.8825        0.0059       80.0247       80.0306      21.148119       0.00000
  57    0.1968       58.8820        0.0083       80.0218       80.0301      21.148119      -0.00000
  56    0.2760       58.8814        0.0117       80.0178       80.0295      21.148119       0.00000
  55    0.3871       58.8805        0.0164       80.0122       80.0286      21.148119       0.00000
  54    0.5430       58.8792        0.0230       80.0043       80.0273      21.148119       0.00000
  53    0.7617       58.8775        0.0322       79.9933       80.0256      21.148119       0.00000
  52     1.069       58.8750        0.0453       79.9778       80.0231      21.148119      -0.00000
  51     1.499       58.8716        0.0634       79.9562       80.0197      21.148119      -0.00000
  50     2.102       58.8668        0.0886       79.9263       80.0149      21.148119       0.00000
  49     2.949       58.8600        0.1242       79.8839       80.0081      21.148119      -0.00000
  48     4.137       58.8505        0.1742       79.8244       79.9986      21.148119       0.00000
  47     5.803       58.8372        0.2441       79.7412       79.9853      21.148119       0.00000
  46     8.139       58.8186        0.3418       79.6249       79.9667      21.148119       0.00000
  45     11.42       58.7925        0.4784       79.4623       79.9407      21.148119      -0.00000
  44     16.01       58.7561        0.6690       79.2352       79.9042      21.148119      -0.00000
  43     22.46       58.7050        0.9352       78.9179       79.8531      21.148119       0.00000
  42     31.51       58.6334        1.3064       78.4751       79.7815      21.148119       0.00000
  41     44.20       58.5330        1.8238       77.8573       79.6811      21.148119      -0.00000
  40     62.00       58.3931        2.5374       77.0038       79.5412      21.148119      -0.00000
  39     85.78       58.2068        3.4757       75.8793       79.3550      21.148119       0.00000
  38     109.5       58.0181        4.4123       74.7539       79.1662      21.148119       0.00000
  37     133.1       57.8369        5.2981       73.6869       78.9851      21.148119      -0.00000
  36     156.8       57.6611        6.1455       72.6637       78.8092      21.148119      -0.00000
  35     180.6       57.4747        7.0307       71.5922       78.6228      21.148119      -0.00000
  34     202.8       57.2957        7.8681       70.5757       78.4438      21.148119       0.00000
  33     228.4       57.1136        8.7075       69.5542       78.2617      21.148119      -0.00000
  32     252.2       56.9314        9.5346       68.5449       78.0795      21.148119       0.00000
  31     276.0       56.7517       10.3379       67.5619       77.8998      21.148119      -0.00000
  30     299.8       56.5710       11.1335       66.5855       77.7191      21.148119       0.00000
  29     323.5       56.3902       11.9171       65.6212       77.5383      21.148119       0.00000
  28     347.3       56.2114       12.6804       64.6791       77.3595      21.148119       0.00000
  27     371.1       56.0351       13.4211       63.7621       77.1833      21.148119      -0.00000
  26     394.9       55.8567       14.1594       62.8455       77.0049      21.148119       0.00000
  25     418.6       55.6790       14.8832       61.9439       76.8272      21.148119      -0.00000
  24     442.4       55.5018       15.5940       61.0558       76.6499      21.148119      -0.00000
  23     466.2       55.3243       16.2944       60.1781       76.4724      21.148119       0.00000
  22     489.9       55.1491       16.9749       59.3223       76.2972      21.148119      -0.00000
  21     513.7       54.9731       17.6477       58.4735       76.1212      21.148119      -0.00000
  20     537.5       54.7989       18.3029       57.6441       75.9470      21.148119       0.00000
  19     561.3       54.6262       18.9419       56.8325       75.7743      21.148119      -0.00000
  18     585.0       54.4513       19.5788       56.0207       75.5995      21.148119       0.00000
  17     608.8       54.2783       20.1986       55.2278       75.4265      21.148119      -0.00000
  16     632.6       54.1071       20.8021       54.4531       75.2552      21.148119      -0.00000
  15     656.4       53.9342       21.4019       53.6804       75.0823      21.148119       0.00000
  14     680.1       53.7628       21.9861       52.9249       74.9110      21.148119      -0.00000
  13     703.9       53.5931       22.5554       52.1859       74.7413      21.148119       0.00000
  12     727.7       53.4224       23.1186       51.4520       74.5706      21.148119       0.00000
  11     751.5       53.2507       23.6756       50.7232       74.3988      21.148119      -0.00000
  10     775.2       53.0801       24.2200       50.0082       74.2282      21.148119       0.00000
   9     799.0       52.9104       24.7519       49.3067       74.0585      21.148119      -0.00000
   8     822.8       39.5340       46.3045       14.3775       60.6820      21.147957       0.00006
   7     846.6       27.1041       44.0595        4.1925       48.2520      21.147828       0.00005
   6     870.4       14.9511       34.8761        1.2227       36.0988      21.147734       0.00003
   5     894.1        2.8792       23.6703        0.3566       24.0268      21.147676       0.00002
   4     917.9        2.7349       23.5310        0.3516       23.8826      21.147676       0.00000
   3     941.7        2.5902       23.3913        0.3466       23.7379      21.147676      -0.00000
   2     965.5        2.4462       23.2521        0.3417       23.5939      21.147676       0.00000
   1     989.2        2.3028       23.1135        0.3370       23.4505      21.147676       0.00000
   0    1013.0        2.1601       22.9755        0.3323       23.3078      21.147676       0.00000



 Wavenumbers: 29000. - 38000. cm-1, ATM      1
 LEVEL PRESSURE   UPWARD FLUX   DIFDOWN FLUX  DIRDOWN FLUX  DOWNWARD FLUX   NET FLUX    HEATING RATE
          mb          W/m2          W/m2          W/m2        W/m2          W/m2       degree/day
  60   .000300        9.5195        0.0000       28.2225       28.2225      18.702992       0.00000
  59    0.1000        9.5179        0.0030       28.1859       28.1888      18.670932       2.71381
  58    0.1403        9.5173        0.0041       28.1585       28.1627      18.645337       5.35973
  57    0.1968        9.5166        0.0058       28.1101       28.1160      18.599341       6.87020
  56    0.2760        9.5157        0.0081       28.0271       28.0352      18.519503       8.50715
  55    0.3871        9.5146        0.0113       27.8913       27.9026      18.388019       9.98749
  54    0.5430        9.5134        0.0157       27.6738       27.6894      18.176064      11.47349
  53    0.7617        9.5123        0.0215       27.3185       27.3401      17.827811      13.43832
  52     1.069        9.5118        0.0294       26.7574       26.7867      17.274966      15.20711
  51     1.499        9.5129        0.0394       25.9466       25.9860      16.473063      15.72711
  50     2.102        9.5180        0.0521       24.8886       24.9407      15.422632      14.68644
  49     2.949        9.5313        0.0688       23.6539       23.7227      14.191378      12.27348
  48     4.137        9.5579        0.0908       22.3800       22.4708      12.912880       9.08508
  47     5.803        9.6013        0.1201       21.1533       21.2734      11.672154       6.28529
  46     8.139        9.6619        0.1598       20.0304       20.1902      10.528310       4.13107
  45     11.42        9.7388        0.2137       19.0179       19.2316       9.492793       2.66608
  44     16.01        9.8337        0.2866       18.0801       18.3667       8.532961       1.76178
  43     22.46        9.9506        0.3859       17.1858       17.5717       7.621083       1.19323
  42     31.51       10.0825        0.5215       16.3448       16.8663       6.783756       0.78111
  41     44.20       10.2085        0.7085       15.5663       16.2749       6.066367       0.47709
  40     62.00       10.3180        0.9640       14.8065       15.7705       5.452517       0.29104
  39     85.78       10.3689        1.2987       14.0925       15.3912       5.022346       0.15269
  38     109.5       10.3648        1.6311       13.5167       15.1478       4.783019       0.08495
  37     133.1       10.3489        1.9389       13.0134       14.9523       4.603376       0.06451
  36     156.8       10.3281        2.2270       12.5564       14.7834       4.455321       0.05250
  35     180.6       10.2965        2.5233       12.1053       14.6286       4.332106       0.04374
  34     202.8       10.2560        2.8000       11.7016       14.5016       4.245601       0.03284
  33     228.4       10.2100        3.0726       11.3112       14.3838       4.173842       0.02368
  32     252.2       10.1613        3.3363       10.9372       14.2735       4.112182       0.02189
  31     276.0       10.1105        3.5880       10.5839       14.1719       4.061365       0.01804
  30     299.8       10.0571        3.8329       10.2424       14.0754       4.018228       0.01531
  29     323.5       10.0030        4.0694        9.9126       13.9820       3.978951       0.01394
  28     347.3        9.9491        4.2950        9.5973       13.8923       3.943225       0.01268
  27     371.1        9.8953        4.5098        9.2967       13.8064       3.911093       0.01141
  26     394.9        9.8405        4.7195        9.0022       13.7217       3.881170       0.01062
  25     418.6        9.7858        4.9209        8.7182       13.6391       3.853301       0.00989
  24     442.4        9.7310        5.1146        8.4437       13.5582       3.827261       0.00924
  23     466.2        9.6760        5.3014        8.1775       13.4790       3.803009       0.00861
  22     489.9        9.6214        5.4793        7.9229       13.4021       3.780677       0.00793
  21     513.7        9.5666        5.6513        7.6749       13.3262       3.759564       0.00749
  20     537.5        9.5124        5.8152        7.4369       13.2521       3.739685       0.00706
  19     561.3        9.4587        5.9716        7.2080       13.1796       3.720904       0.00667
  18     585.0        9.4043        6.1239        6.9831       13.1070       3.702673       0.00647
  17     608.8        9.3507        6.2688        6.7672       13.0360       3.685324       0.00616
  16     632.6        9.2977        6.4066        6.5598       12.9665       3.668786       0.00587
  15     656.4        9.2443        6.5404        6.3565       12.8969       3.652681       0.00572
  14     680.1        9.1914        6.6676        6.1611       12.8287       3.637284       0.00547
  13     703.9        9.1392        6.7886        5.9732       12.7618       3.622544       0.00523
  12     727.7        9.0868        6.9053        5.7897       12.6950       3.608211       0.00509
  11     751.5        9.0342        7.0179        5.6105       12.6285       3.594278       0.00495
  10     775.2        8.9820        7.1252        5.4377       12.5629       3.580893       0.00475
   9     799.0        8.9302        7.2272        5.2710       12.4982       3.568025       0.00457
   8     822.8        6.7364        8.7821        1.5108       10.2929       3.556497       0.00409
   7     846.6        4.6495        7.7641        0.4330        8.1971       3.547568       0.00317
   6     870.4        2.5957        6.0128        0.1241        6.1369       3.541243       0.00225
   5     894.1        0.5520        4.0538        0.0356        4.0894       3.537394       0.00137
   4     917.9        0.5013        4.0016        0.0345        4.0361       3.534788       0.00092
   3     941.7        0.4506        3.9494        0.0334        3.9828       3.532290       0.00089
   2     965.5        0.4000        3.8975        0.0324        3.9299       3.529914       0.00084
   1     989.2        0.3497        3.8460        0.0314        3.8774       3.527655       0.00080
   0    1013.0        0.2997        3.7947        0.0305        3.8252       3.525505       0.00076



 Wavenumbers: 38000. - 50000. cm-1, ATM      1
 LEVEL PRESSURE   UPWARD FLUX   DIFDOWN FLUX  DIRDOWN FLUX  DOWNWARD FLUX   NET FLUX    HEATING RATE
          mb          W/m2          W/m2          W/m2        W/m2          W/m2       degree/day
  60   .000300        0.0069        0.0000        1.7407        1.7407       1.733864       0.00000
  59    0.1000        0.0063        0.0006        1.7198        1.7204       1.714069       1.67562
  58    0.1403        0.0061        0.0008        1.7047        1.7056       1.699408       3.07012
  57    0.1968        0.0059        0.0012        1.6784        1.6796       1.673683       3.84232
  56    0.2760        0.0056        0.0016        1.6341        1.6357       1.630132       4.64062
  55    0.3871        0.0051        0.0021        1.5634        1.5655       1.560405       5.29648
  54    0.5430        0.0046        0.0028        1.4543        1.4571       1.452495       5.84133
  53    0.7617        0.0039        0.0034        1.2861        1.2895       1.285598       6.44019
  52     1.069        0.0031        0.0037        1.0457        1.0495       1.046342       6.58121
  51     1.499        0.0024        0.0037        0.7523        0.7559       0.753565       5.74202
  50     2.102        0.0017        0.0031        0.4664        0.4695       0.467843       3.99478
  49     2.949        0.0012        0.0024        0.2581        0.2604       0.259286       2.07895
  48     4.137        0.0008        0.0017        0.1381        0.1398       0.139011       0.85468
  47     5.803        0.0005        0.0013        0.0728        0.0741       0.073572       0.33150
  46     8.139        0.0003        0.0009        0.0388        0.0397       0.039349       0.12360
  45     11.42        0.0002        0.0006        0.0198        0.0204       0.020194       0.04932
  44     16.01        0.0001        0.0004        0.0090        0.0093       0.009236       0.02011
  43     22.46        0.0000        0.0002        0.0034        0.0036       0.003591       0.00739
  42     31.51        0.0000        0.0001        0.0011        0.0012       0.001179       0.00225
  41     44.20        0.0000        0.0000        0.0003        0.0003       0.000327       0.00057
  40     62.00        0.0000        0.0000        0.0001        0.0001       0.000070       0.00012
  39     85.78        0.0000        0.0000        0.0000        0.0000       0.000012       0.00002
  38     109.5        0.0000        0.0000        0.0000        0.0000       0.000002       0.00000
  37     133.1        0.0000        0.0000        0.0000        0.0000       0.000000       0.00000
  36     156.8        0.0000        0.0000        0.0000        0.0000       0.000000       0.00000
  35     180.6        0.0000        0.0000        0.0000        0.0000       0.000000       0.00000
  34     202.8        0.0000        0.0000        0.0000        0.0000       0.000000       0.00000
  33     228.4        0.0000        0.0000        0.0000        0.0000       0.000000       0.00000
  32     252.2        0.0000        0.0000        0.0000        0.0000       0.000000       0.00000
  31     276.0        0.0000        0.0000        0.0000        0.0000       0.000000       0.00000
  30     299.8        0.0000        0.0000        0.0000        0.0000       0.000000       0.00000
  29     323.5        0.0000        0.0000        0.0000        0.0000       0.000000       0.00000
  28     347.3        0.0000        0.0000        0.0000        0.0000       0.000000       0.00000
  27     371.1        0.0000        0.0000        0.0000        0.0000       0.000000       0.00000
  26     394.9        0.0000        0.0000        0.0000        0.0000       0.000000       0.00000
  25     418.6        0.0000        0.0000        0.0000        0.0000       0.000000       0.00000
  24     442.4        0.0000        0.0000        0.0000        0.0000       0.000000       0.00000
  23     466.2        0.0000        0.0000        0.0000        0.0000       0.000000       0.00000
  22     489.9        0.0000        0.0000        0.0000        0.0000       0.000000       0.00000
  21     513.7        0.0000        0.0000        0.0000        0.0000       0.000000       0.00000
  20     537.5        0.0000        0.0000        0.0000        0.0000       0.000000       0.00000
  19     561.3        0.0000        0.0000        0.0000        0.0000       0.000000       0.00000
  18     585.0        0.0000        0.0000        0.0000        0.0000       0.000000       0.00000
  17     608.8        0.0000        0.0000        0.0000        0.0000       0.000000       0.00000
  16     632.6        0.0000        0.0000        0.0000        0.0000       0.000000       0.00000
  15     656.4        0.0000        0.0000        0.0000        0.0000       0.000000       0.00000
  14     680.1        0.0000        0.0000        0.0000        0.0000       0.000000       0.00000
  13     703.9        0.0000        0.0000        0.0000        0.0000       0.000000       0.00000
  12     727.7        0.0000        0.0000        0.0000        0.0000       0.000000       0.00000
  11     751.5        0.0000        0.0000        0.0000        0.0000       0.000000       0.00000
  10     775.2        0.0000        0.0000        0.0000        0.0000       0.000000       0.00000
   9     799.0        0.0000        0.0000        0.0000        0.0000       0.000000       0.00000
   8     822.8        0.0000        0.0000        0.0000        0.0000       0.000000       0.00000
   7     846.6        0.0000        0.0000        0.0000        0.0000       0.000000       0.00000
   6     870.4        0.0000        0.0000        0.0000        0.0000       0.000000       0.00000
   5     894.1        0.0000        0.0000        0.0000        0.0000       0.000000       0.00000
   4     917.9        0.0000        0.0000        0.0000        0.0000       0.000000       0.00000
   3     941.7        0.0000        0.0000        0.0000        0.0000       0.000000       0.00000
   2     965.5        0.0000        0.0000        0.0000        0.0000       0.000000       0.00000
   1     989.2        0.0000        0.0000        0.0000        0.0000       0.000000       0.00000
   0    1013.0        0.0000        0.0000        0.0000        0.0000       0.000000       0.00000



 Wavenumbers:   820. -  2600. cm-1, ATM      1
 LEVEL PRESSURE   UPWARD FLUX   DIFDOWN FLUX  DIRDOWN FLUX  DOWNWARD FLUX   NET FLUX    HEATING RATE
          mb          W/m2          W/m2          W/m2        W/m2          W/m2       degree/day
  60   .000300        1.5310        0.0000        8.1430        8.1430       6.612007       0.00000
  59    0.1000        1.5310        0.0000        8.1331        8.1331       6.602120       0.83691
  58    0.1403        1.5310        0.0000        8.1309        8.1309       6.599981       0.44790
  57    0.1968        1.5310        0.0000        8.1281        8.1281       6.597140       0.42425
  56    0.2760        1.5310        0.0000        8.1245        8.1245       6.593573       0.38015
  55    0.3871        1.5310        0.0000        8.1201        8.1201       6.589111       0.33890
  54    0.5430        1.5310        0.0000        8.1143        8.1143       6.583354       0.31163
  53    0.7617        1.5310        0.0000        8.1063        8.1063       6.575367       0.30821
  52     1.069        1.5310        0.0000        8.0951        8.0951       6.564117       0.30945
  51     1.499        1.5310        0.0000        8.0799        8.0799       6.548925       0.29795
  50     2.102        1.5310        0.0000        8.0595        8.0595       6.528510       0.28543
  49     2.949        1.5310        0.0000        8.0314        8.0314       6.500366       0.28055
  48     4.137        1.5310        0.0000        7.9935        7.9935       6.462511       0.26900
  47     5.803        1.5310        0.0000        7.9444        7.9444       6.413378       0.24890
  46     8.139        1.5310        0.0000        7.8811        7.8811       6.350084       0.22859
  45     11.42        1.5311        0.0000        7.8004        7.8004       6.269336       0.20790
  44     16.01        1.5311        0.0000        7.7070        7.7070       6.175946       0.17142
  43     22.46        1.5312        0.0000        7.6181        7.6181       6.086923       0.11649
  42     31.51        1.5312        0.0000        7.5468        7.5468       6.015574       0.06656
  41     44.20        1.5314        0.0000        7.4816        7.4816       5.950271       0.04343
  40     62.00        1.5315        0.0000        7.3998        7.3998       5.868288       0.03887
  39     85.78        1.5318        0.0000        7.2958        7.2958       5.764018       0.03701
  38     109.5        1.5320        0.0000        7.1946        7.1946       5.662594       0.03600
  37     133.1        1.5323        0.0000        7.1003        7.1003       5.567973       0.03398
  36     156.8        1.5326        0.0000        7.0126        7.0126       5.480074       0.03117
  35     180.6        1.5329        0.0000        6.9166        6.9166       5.383718       0.03421
  34     202.8        1.5333        0.0000        6.8041        6.8042       5.270904       0.04283
  33     228.4        1.5337        0.0000        6.6630        6.6630       5.129279       0.04673
  32     252.2        1.5344        0.0000        6.4917        6.4917       4.957310       0.06104
  31     276.0        1.5352        0.0000        6.3090        6.3091       4.773924       0.06509
  30     299.8        1.5363        0.0000        6.1153        6.1153       4.579034       0.06918
  29     323.5        1.5378        0.0000        5.9197        5.9197       4.381906       0.06997
  28     347.3        1.5398        0.0000        5.7036        5.7036       4.163763       0.07743
  27     371.1        1.5423        0.0000        5.4648        5.4649       3.922564       0.08562
  26     394.9        1.5453        0.0000        5.2059        5.2060       3.660683       0.09296
  25     418.6        1.5488        0.0000        4.9521        4.9521       3.403268       0.09137
  24     442.4        1.5530        0.0000        4.7233        4.7234       3.170403       0.08266
  23     466.2        1.5575        0.0000        4.5370        4.5370       2.979501       0.06776
  22     489.9        1.5628        0.0000        4.3924        4.3925       2.829677       0.05318
  21     513.7        1.5691        0.0000        4.2764        4.2764       2.707303       0.04344
  20     537.5        1.5766        0.0000        4.1775        4.1776       2.601002       0.03773
  19     561.3        1.5853        0.0000        4.0839        4.0840       2.498664       0.03633
  18     585.0        1.5957        0.0000        3.9882        3.9883       2.392639       0.03763
  17     608.8        1.6075        0.0001        3.8907        3.8907       2.283204       0.03885
  16     632.6        1.6214        0.0001        3.7911        3.7912       2.169821       0.04025
  15     656.4        1.6380        0.0001        3.6867        3.6868       2.048809       0.04295
  14     680.1        1.6580        0.0001        3.5795        3.5796       1.921599       0.04515
  13     703.9        1.6820        0.0001        3.4709        3.4710       1.788992       0.04707
  12     727.7        1.7121        0.0001        3.3598        3.3599       1.647757       0.05013
  11     751.5        1.7515        0.0001        3.2443        3.2444       1.492880       0.05497
  10     775.2        1.8030        0.0001        3.1256        3.1256       1.322660       0.06042
   9     799.0        1.8717        0.0001        3.0033        3.0033       1.131639       0.06780
   8     822.8        1.2798        1.3750        0.8513        2.2264       0.946601       0.06568
   7     846.6        0.8120        1.3816        0.2413        1.6229       0.810915       0.04816
   6     870.4        0.4054        1.0551        0.0684        1.1235       0.718096       0.03295
   5     894.1        0.0274        0.6717        0.0194        0.6910       0.663612       0.01934
   4     917.9        0.0285        0.6380        0.0185        0.6565       0.627947       0.01266
   3     941.7        0.0298        0.6041        0.0176        0.6217       0.591981       0.01277
   2     965.5        0.0312        0.5704        0.0168        0.5871       0.555893       0.01281
   1     989.2        0.0330        0.5369        0.0159        0.5528       0.519829       0.01280
   0    1013.0        0.0350        0.5039        0.0150        0.5189       0.483908       0.01275

  Modules and versions used in this calculation:

       rrtmg_sw.1col.f90:  $Revision$                    rrtmg_sw_init.f90:  $Revision$        
     rrtmgsw_cldprop.f90:  $Revision$                  rrtmgsw_cldprmc.f90:  NOT USED          
     rrtmg_sw_reftra.f90:  $Revision$                  rrtmg_sw_spcvrt.f90:  NOT USED          
     rrtmg_sw_spcvmc.f90:  NOT USED                    rrtmgsw_setcoef.f90:  NOT USED          
     rrtmg_sw_taumol.f90:  $Revision$                  rrtmg_sw_vrtqdr.f90:  NOT USED          
                rrtatm.f:  NOT USED                             util_xxx.f:  NOT USED          
                 extra.f:  NOT USED                       rrtmg_sw_k_g.f90:  $Revision$        

