

 Wavenumbers:   820. - 50000. cm-1, ATM      1
 LEVEL PRESSURE   UPWARD FLUX   DIFDOWN FLUX  DIRDOWN FLUX  DOWNWARD FLUX   NET FLUX    HEATING RATE
          mb          W/m2          W/m2          W/m2        W/m2          W/m2       degree/day
  51    .06700      477.1172        0.0000      617.8126      617.8126     140.695343       0.00000
  50    .07753      477.1169        0.0014      617.7947      617.7961     140.679197      12.94137
  49    .09103      477.1164        0.0031      617.7778      617.7808     140.664379       9.26169
  48    0.1069      477.1160        0.0050      617.7581      617.7631     140.647107       9.19400
  47    0.1255      477.1155        0.0073      617.7340      617.7412     140.625749       9.68280
  46    0.1487      477.1149        0.0101      617.7009      617.7110     140.596044      10.82771
  45    0.1794      477.1143        0.0140      617.6521      617.6661     140.551784      12.15038
  44    0.2165      477.1136        0.0185      617.5895      617.6080     140.494425      13.04825
  43    0.2613      477.1130        0.0239      617.5089      617.5328     140.419862      14.05482
  42    0.3336      477.1122        0.0328      617.3641      617.3969     140.284683      15.76047
  41    0.4307      477.1117        0.0445      617.1591      617.2036     140.091922      16.76017
  40    0.5894      477.1119        0.0634      616.8005      616.8639     139.751973      18.07805
  39     1.339      477.1315        0.1488      614.9443      615.0930     137.961548      20.15693
  38     1.782      477.1560        0.1968      613.9670      614.1638     137.007791      18.15801
  37     2.292      477.1963        0.2515      613.0059      613.2574     136.061041      15.68065
  36     2.964      477.2671        0.3226      611.9577      612.2802     135.013137      13.15436
  35     3.853      477.3855        0.4158      610.8024      611.2182     133.832720      11.20237
  34     5.035      477.5672        0.5388      609.5327      610.0715     132.504290       9.48975
  33     6.613      477.8231        0.7021      608.1464      608.8485     131.025463       7.90581
  32     8.786      478.1564        0.9211      606.6250      607.5462     129.389771       6.35244
  31     11.80      478.5885        1.2331      604.8486      606.0817     127.493174       5.30988
  30     15.07      479.0004        1.5659      603.2440      604.8099     125.809499       4.34692
  29     18.79      479.4190        1.9405      601.6511      603.5916     124.172562       3.71144
  28     23.16      479.8544        2.3757      599.9927      602.3684     122.514002       3.20712
  27     28.12      480.2894        2.8711      598.2881      601.1591     120.869751       2.79512
  26     33.73      480.6843        3.4234      596.5951      600.0185     119.334163       2.30880
  25     40.54      481.0545        4.0884      594.7727      598.8611     117.806642       1.89506
  24     48.69      481.3971        4.8864      592.7865      597.6729     116.275861       1.58412
  23     57.69      481.6729        5.7588      590.7959      596.5547     114.881825       1.30670
  22     68.43      481.8924        6.7924      588.6191      595.4115     113.519108       1.07128
  21     81.20      482.0025        8.0180      586.2690      594.2870     112.284490       0.81582
  20     96.49      481.9932        9.4692      583.6961      593.1653     111.172046       0.61399
  19     114.6      481.9240       11.1765      580.7708      591.9473     110.023364       0.53635
  18     136.5      481.7966       13.1760      577.4359      590.6119     108.815257       0.46455
  17     162.9      481.6068       15.5228      573.5624      589.0852     107.478454       0.42730
  16     196.4      481.2722       18.5162      568.5907      587.1069     105.834613       0.41377
  15     218.7      481.0249       20.4518      565.0572      585.5091     104.484175       0.51271
  14     243.0      480.7501       22.5283      560.7495      583.2779     102.527732       0.67856
  13     269.0      480.4512       24.7471      555.3947      580.1418      99.690569       0.92036
  12     297.5      480.1369       27.1088      548.9964      576.1052      95.968341       1.10397
  11     328.5      479.8193       29.6201      542.0895      571.7097      91.890365       1.10879
  10     361.9      479.5103       32.2773      534.6242      566.9016      87.391242       1.13832
   9     398.1      479.2269       35.0851      526.4204      561.5055      82.278607       1.19113
   8     437.6      479.0011       38.0420      517.3907      555.4327      76.431565       1.25013
   7     480.5      478.8687       41.1464      507.7216      548.8680      69.999227       1.26329
   6     533.0      478.9121       44.8795      495.9006      540.7801      61.867970       1.30806
   5     589.8      479.3395       48.7977      483.0788      531.8765      52.536950       1.38503
   4     651.6      480.6027       52.8878      468.6907      521.5784      40.975694       1.58103
   3     718.7      483.3741       57.1417      453.2257      510.3675      26.993368       1.75719
   2     792.3      489.5161       61.5371      436.4928      498.0299       8.513828       2.11940
   1     891.5       93.1896       96.4762        0.0000       96.4762       3.286597       0.44481
   0    1013.0       93.3336       96.2494        0.0000       96.2494       2.915850       0.02574



 Wavenumbers:  2600. -  3250. cm-1, ATM      1
 LEVEL PRESSURE   UPWARD FLUX   DIFDOWN FLUX  DIRDOWN FLUX  DOWNWARD FLUX   NET FLUX    HEATING RATE
          mb          W/m2          W/m2          W/m2        W/m2          W/m2       degree/day
  51    .06700        2.3865        0.0000        5.4450        5.4450       3.058556       0.00000
  50    .07753        2.3865        0.0000        5.4450        5.4450       3.058548       0.00640
  49    .09103        2.3865        0.0000        5.4450        5.4450       3.058538       0.00627
  48    0.1069        2.3865        0.0000        5.4450        5.4450       3.058526       0.00613
  47    0.1255        2.3865        0.0000        5.4450        5.4450       3.058513       0.00599
  46    0.1487        2.3865        0.0000        5.4450        5.4450       3.058496       0.00608
  45    0.1794        2.3865        0.0000        5.4450        5.4450       3.058473       0.00625
  44    0.2165        2.3865        0.0000        5.4449        5.4449       3.058447       0.00612
  43    0.2613        2.3865        0.0000        5.4449        5.4449       3.058415       0.00600
  42    0.3336        2.3865        0.0000        5.4448        5.4448       3.058362       0.00617
  41    0.4307        2.3865        0.0000        5.4448        5.4448       3.058290       0.00620
  40    0.5894        2.3865        0.0000        5.4446        5.4446       3.058171       0.00637
  39     1.339        2.3865        0.0000        5.4439        5.4439       3.057463       0.00797
  38     1.782        2.3865        0.0000        5.4434        5.4434       3.056920       0.01034
  37     2.292        2.3865        0.0000        5.4427        5.4427       3.056204       0.01186
  36     2.964        2.3865        0.0000        5.4416        5.4416       3.055165       0.01304
  35     3.853        2.3865        0.0000        5.4402        5.4402       3.053688       0.01402
  34     5.035        2.3865        0.0000        5.4381        5.4381       3.051632       0.01469
  33     6.613        2.3865        0.0000        5.4353        5.4353       3.048850       0.01487
  32     8.786        2.3865        0.0000        5.4317        5.4317       3.045217       0.01411
  31     11.80        2.3865        0.0000        5.4269        5.4269       3.040434       0.01339
  30     15.07        2.3865        0.0000        5.4224        5.4224       3.035903       0.01170
  29     18.79        2.3865        0.0000        5.4180        5.4180       3.031486       0.01002
  28     23.16        2.3865        0.0000        5.4135        5.4135       3.026991       0.00869
  27     28.12        2.3865        0.0000        5.4088        5.4088       3.022332       0.00792
  26     33.73        2.3865        0.0000        5.4036        5.4036       3.017074       0.00791
  25     40.54        2.3866        0.0000        5.3966        5.3967       3.010106       0.00864
  24     48.69        2.3866        0.0000        5.3872        5.3872       3.000588       0.00985
  23     57.69        2.3867        0.0000        5.3754        5.3754       2.988748       0.01110
  22     68.43        2.3867        0.0000        5.3599        5.3599       2.973179       0.01224
  21     81.20        2.3869        0.0000        5.3401        5.3401       2.953231       0.01318
  20     96.49        2.3870        0.0000        5.3155        5.3155       2.928502       0.01365
  19     114.6        2.3873        0.0001        5.2853        5.2854       2.898081       0.01420
  18     136.5        2.3876        0.0001        5.2504        5.2505       2.862860       0.01354
  17     162.9        2.3881        0.0001        5.2111        5.2112       2.823065       0.01272
  16     196.4        2.3889        0.0001        5.1640        5.1641       2.775225       0.01204
  15     218.7        2.3897        0.0001        5.1331        5.1332       2.743522       0.01204
  14     243.0        2.3910        0.0001        5.0962        5.0963       2.705333       0.01324
  13     269.0        2.3930        0.0001        5.0511        5.0512       2.658204       0.01529
  12     297.5        2.3961        0.0001        4.9956        4.9957       2.599664       0.01736
  11     328.5        2.4004        0.0001        4.9304        4.9305       2.530145       0.01890
  10     361.9        2.4063        0.0002        4.8511        4.8513       2.444948       0.02156
   9     398.1        2.4146        0.0002        4.7507        4.7509       2.336302       0.02531
   8     437.6        2.4261        0.0002        4.6220        4.6222       2.196137       0.02997
   7     480.5        2.4422        0.0002        4.4625        4.4627       2.020479       0.03450
   6     533.0        2.4687        0.0002        4.2460        4.2463       1.777566       0.03908
   5     589.8        2.5096        0.0002        3.9954        3.9956       1.486070       0.04327
   4     651.6        2.5781        0.0002        3.7089        3.7091       1.130992       0.04856
   3     718.7        2.6939        0.0002        3.4018        3.4021       0.708125       0.05314
   2     792.3        2.9117        0.0002        3.0564        3.0567       0.144928       0.06459
   1     891.5        0.0205        0.0293        0.0000        0.0293       0.008735       0.01159
   0    1013.0        0.0218        0.0275        0.0000        0.0275       0.005661       0.00021



 Wavenumbers:  3250. -  4000. cm-1, ATM      1
 LEVEL PRESSURE   UPWARD FLUX   DIFDOWN FLUX  DIRDOWN FLUX  DOWNWARD FLUX   NET FLUX    HEATING RATE
          mb          W/m2          W/m2          W/m2        W/m2          W/m2       degree/day
  51    .06700        0.1110        0.0000        9.1795        9.1795       9.068577       0.00000
  50    .07753        0.1110        0.0000        9.1747        9.1747       9.063735       3.88148
  49    .09103        0.1110        0.0000        9.1713        9.1713       9.060347       2.11747
  48    0.1069        0.1110        0.0000        9.1688        9.1688       9.057822       1.34402
  47    0.1255        0.1110        0.0000        9.1665        9.1665       9.055563       1.02422
  46    0.1487        0.1110        0.0000        9.1641        9.1641       9.053121       0.88991
  45    0.1794        0.1110        0.0000        9.1612        9.1612       9.050243       0.79008
  44    0.2165        0.1110        0.0000        9.1583        9.1583       9.047323       0.66430
  43    0.2613        0.1110        0.0000        9.1553        9.1553       9.044350       0.56041
  42    0.3336        0.1110        0.0000        9.1511        9.1511       9.040171       0.48723
  41    0.4307        0.1110        0.0000        9.1464        9.1464       9.035403       0.41459
  40    0.5894        0.1110        0.0000        9.1393        9.1394       9.028397       0.37255
  39     1.339        0.1110        0.0000        9.1127        9.1127       9.001784       0.29962
  38     1.782        0.1110        0.0000        9.1011        9.1011       8.990195       0.22062
  37     2.292        0.1110        0.0000        9.0901        9.0901       8.979129       0.18329
  36     2.964        0.1109        0.0000        9.0776        9.0776       8.966699       0.15603
  35     3.853        0.1109        0.0000        9.0629        9.0629       8.951909       0.14036
  34     5.035        0.1109        0.0000        9.0441        9.0441       8.933170       0.13386
  33     6.613        0.1109        0.0000        9.0191        9.0191       8.908168       0.13366
  32     8.786        0.1109        0.0000        8.9843        8.9843       8.873385       0.13509
  31     11.80        0.1109        0.0000        8.9327        8.9327       8.821768       0.14451
  30     15.07        0.1109        0.0000        8.8758        8.8759       8.764923       0.14676
  29     18.79        0.1109        0.0000        8.8110        8.8110       8.700096       0.14698
  28     23.16        0.1109        0.0000        8.7365        8.7366       8.625651       0.14395
  27     28.12        0.1109        0.0000        8.6554        8.6555       8.544538       0.13789
  26     33.73        0.1109        0.0000        8.5719        8.5719       8.461038       0.12554
  25     40.54        0.1109        0.0001        8.4812        8.4812       8.370315       0.11255
  24     48.69        0.1109        0.0001        8.3838        8.3839       8.273013       0.10069
  23     57.69        0.1109        0.0001        8.2861        8.2862       8.175277       0.09161
  22     68.43        0.1109        0.0001        8.1751        8.1751       8.064281       0.08726
  21     81.20        0.1109        0.0001        8.0457        8.0458       7.934922       0.08548
  20     96.49        0.1108        0.0001        7.8949        7.8951       7.784218       0.08318
  19     114.6        0.1108        0.0001        7.7162        7.7163       7.605508       0.08345
  18     136.5        0.1108        0.0002        7.5193        7.5195       7.408663       0.07569
  17     162.9        0.1108        0.0002        7.2913        7.2915       7.180768       0.07284
  16     196.4        0.1107        0.0002        6.9660        6.9662       6.855487       0.08188
  15     218.7        0.1107        0.0002        6.6648        6.6650       6.554280       0.11436
  14     243.0        0.1108        0.0003        6.2619        6.2622       6.151438       0.13972
  13     269.0        0.1108        0.0003        5.7576        5.7579       5.647026       0.16363
  12     297.5        0.1111        0.0003        5.1719        5.1722       5.061092       0.17378
  11     328.5        0.1115        0.0003        4.5757        4.5760       4.464510       0.16221
  10     361.9        0.1122        0.0002        3.9995        3.9998       3.887635       0.14596
   9     398.1        0.1133        0.0002        3.4655        3.4657       3.352431       0.12469
   8     437.6        0.1152        0.0002        2.9740        2.9743       2.859076       0.10548
   7     480.5        0.1183        0.0002        2.5307        2.5309       2.412616       0.08768
   6     533.0        0.1242        0.0002        2.0614        2.0616       1.937363       0.07645
   5     589.8        0.1351        0.0002        1.6150        1.6151       1.480047       0.06788
   4     651.6        0.1578        0.0001        1.1565        1.1566       0.998743       0.06582
   3     718.7        0.2081        0.0001        0.7390        0.7391       0.530975       0.05879
   2     792.3        0.3438        0.0001        0.3985        0.3985       0.054734       0.05462
   1     891.5        0.0000        0.0000        0.0000        0.0000       0.000000       0.00466
   0    1013.0        0.0000        0.0000        0.0000        0.0000       0.000000       0.00000



 Wavenumbers:  4000. -  4650. cm-1, ATM      1
 LEVEL PRESSURE   UPWARD FLUX   DIFDOWN FLUX  DIRDOWN FLUX  DOWNWARD FLUX   NET FLUX    HEATING RATE
          mb          W/m2          W/m2          W/m2        W/m2          W/m2       degree/day
  51    .06700        7.4969        0.0000       10.7795       10.7795       3.282606       0.00000
  50    .07753        7.4969        0.0000       10.7795       10.7795       3.282605       0.00080
  49    .09103        7.4969        0.0000       10.7795       10.7795       3.282604       0.00078
  48    0.1069        7.4969        0.0000       10.7795       10.7795       3.282602       0.00077
  47    0.1255        7.4969        0.0000       10.7795       10.7795       3.282601       0.00075
  46    0.1487        7.4969        0.0000       10.7795       10.7795       3.282599       0.00076
  45    0.1794        7.4969        0.0000       10.7795       10.7795       3.282596       0.00078
  44    0.2165        7.4969        0.0000       10.7795       10.7795       3.282592       0.00076
  43    0.2613        7.4969        0.0000       10.7795       10.7795       3.282588       0.00075
  42    0.3336        7.4969        0.0000       10.7795       10.7795       3.282582       0.00077
  41    0.4307        7.4969        0.0000       10.7795       10.7795       3.282573       0.00078
  40    0.5894        7.4969        0.0000       10.7795       10.7795       3.282558       0.00080
  39     1.339        7.4969        0.0000       10.7794       10.7794       3.282468       0.00101
  38     1.782        7.4969        0.0000       10.7793       10.7793       3.282398       0.00134
  37     2.292        7.4969        0.0000       10.7792       10.7792       3.282304       0.00156
  36     2.964        7.4969        0.0000       10.7791       10.7791       3.282163       0.00177
  35     3.853        7.4969        0.0000       10.7789       10.7789       3.281954       0.00198
  34     5.035        7.4969        0.0000       10.7786       10.7786       3.281646       0.00220
  33     6.613        7.4969        0.0000       10.7781       10.7781       3.281192       0.00243
  32     8.786        7.4969        0.0000       10.7774       10.7775       3.280521       0.00260
  31     11.80        7.4969        0.0001       10.7763       10.7764       3.279467       0.00295
  30     15.07        7.4969        0.0001       10.7751       10.7752       3.278229       0.00320
  29     18.79        7.4970        0.0001       10.7736       10.7737       3.276730       0.00340
  28     23.16        7.4970        0.0001       10.7717       10.7718       3.274867       0.00360
  27     28.12        7.4970        0.0001       10.7695       10.7696       3.272608       0.00384
  26     33.73        7.4970        0.0002       10.7667       10.7669       3.269818       0.00419
  25     40.54        7.4971        0.0002       10.7629       10.7631       3.266028       0.00470
  24     48.69        7.4972        0.0003       10.7579       10.7582       3.260967       0.00524
  23     57.69        7.4973        0.0003       10.7520       10.7523       3.254953       0.00564
  22     68.43        7.4976        0.0004       10.7446       10.7450       3.247395       0.00594
  21     81.20        7.4979        0.0004       10.7355       10.7359       3.238060       0.00617
  20     96.49        7.4983        0.0005       10.7245       10.7250       3.226659       0.00629
  19     114.6        7.4990        0.0006       10.7107       10.7113       3.212345       0.00668
  18     136.5        7.4999        0.0007       10.6942       10.6949       3.195022       0.00666
  17     162.9        7.5012        0.0008       10.6740       10.6749       3.173665       0.00683
  16     196.4        7.5034        0.0010       10.6464       10.6474       3.143988       0.00747
  15     218.7        7.5053        0.0011       10.6255       10.6266       3.121273       0.00862
  14     243.0        7.5081        0.0012       10.5980       10.5993       3.091216       0.01042
  13     269.0        7.5121        0.0014       10.5611       10.5625       3.050320       0.01327
  12     297.5        7.5181        0.0015       10.5119       10.5135       2.995399       0.01629
  11     328.5        7.5262        0.0017       10.4499       10.4515       2.925384       0.01904
  10     361.9        7.5368        0.0018       10.3702       10.3720       2.835221       0.02281
   9     398.1        7.5502        0.0020       10.2678       10.2698       2.719567       0.02694
   8     437.6        7.5675        0.0022       10.1390       10.1412       2.573660       0.03120
   7     480.5        7.5899        0.0024        9.9877        9.9901       2.400137       0.03408
   6     533.0        7.6249        0.0026        9.7937        9.7963       2.171346       0.03681
   5     589.8        7.6765        0.0028        9.5752        9.5780       1.901525       0.04005
   4     651.6        7.7616        0.0031        9.2958        9.2988       1.537211       0.04982
   3     718.7        7.9097        0.0033        8.9267        8.9300       1.020281       0.06496
   2     792.3        8.2027        0.0035        8.4542        8.4577       0.255034       0.08777
   1     891.5        0.1665        0.2175        0.0000        0.2175       0.051056       0.01736
   0    1013.0        0.1695        0.2135        0.0000        0.2135       0.043973       0.00049



 Wavenumbers:  4650. -  5150. cm-1, ATM      1
 LEVEL PRESSURE   UPWARD FLUX   DIFDOWN FLUX  DIRDOWN FLUX  DOWNWARD FLUX   NET FLUX    HEATING RATE
          mb          W/m2          W/m2          W/m2        W/m2          W/m2       degree/day
  51    .06700        5.4373        0.0000       10.2033       10.2033       4.766049       0.00000
  50    .07753        5.4373        0.0000       10.2031       10.2031       4.765813       0.18901
  49    .09103        5.4373        0.0000       10.2028       10.2028       4.765518       0.18428
  48    0.1069        5.4373        0.0000       10.2025       10.2025       4.765181       0.17931
  47    0.1255        5.4373        0.0000       10.2021       10.2021       4.764797       0.17426
  46    0.1487        5.4373        0.0000       10.2016       10.2016       4.764316       0.17536
  45    0.1794        5.4373        0.0000       10.2010       10.2010       4.763666       0.17851
  44    0.2165        5.4373        0.0000       10.2002       10.2002       4.762906       0.17277
  43    0.2613        5.4373        0.0000       10.1993       10.1993       4.762021       0.16690
  42    0.3336        5.4373        0.0000       10.1979       10.1979       4.760588       0.16702
  41    0.4307        5.4373        0.0000       10.1960       10.1960       4.758748       0.16003
  40    0.5894        5.4373        0.0000       10.1932       10.1932       4.755874       0.15283
  39     1.339        5.4373        0.0000       10.1816       10.1816       4.744281       0.13051
  38     1.782        5.4373        0.0000       10.1760       10.1760       4.738752       0.10527
  37     2.292        5.4373        0.0000       10.1706       10.1706       4.733294       0.09039
  36     2.964        5.4373        0.0000       10.1646       10.1647       4.727369       0.07438
  35     3.853        5.4373        0.0000       10.1584       10.1584       4.721152       0.05901
  34     5.035        5.4373        0.0000       10.1521       10.1521       4.714810       0.04530
  33     6.613        5.4373        0.0000       10.1456       10.1456       4.708344       0.03457
  32     8.786        5.4373        0.0001       10.1386       10.1386       4.701317       0.02729
  31     11.80        5.4373        0.0001       10.1295       10.1296       4.692247       0.02539
  30     15.07        5.4374        0.0001       10.1196       10.1197       4.682327       0.02561
  29     18.79        5.4375        0.0001       10.1076       10.1077       4.670262       0.02735
  28     23.16        5.4376        0.0002       10.0923       10.0924       4.654876       0.02975
  27     28.12        5.4377        0.0002       10.0731       10.0734       4.635670       0.03265
  26     33.73        5.4379        0.0003       10.0500       10.0503       4.612427       0.03495
  25     40.54        5.4381        0.0003       10.0201       10.0204       4.582313       0.03736
  24     48.69        5.4385        0.0004        9.9820        9.9823       4.543841       0.03981
  23     57.69        5.4389        0.0004        9.9384        9.9389       4.499918       0.04117
  22     68.43        5.4396        0.0005        9.8858        9.8863       4.446654       0.04187
  21     81.20        5.4405        0.0006        9.8234        9.8240       4.383528       0.04171
  20     96.49        5.4418        0.0007        9.7518        9.7525       4.310697       0.04020
  19     114.6        5.4435        0.0008        9.6719        9.6727       4.229250       0.03803
  18     136.5        5.4459        0.0010        9.5858        9.5868       4.140892       0.03398
  17     162.9        5.4492        0.0012        9.4940        9.4952       4.045998       0.03033
  16     196.4        5.4543        0.0014        9.3883        9.3897       3.935375       0.02785
  15     218.7        5.4583        0.0015        9.3229        9.3245       3.866177       0.02627
  14     243.0        5.4634        0.0017        9.2520        9.2537       3.790253       0.02633
  13     269.0        5.4703        0.0019        9.1717        9.1735       3.703240       0.02823
  12     297.5        5.4798        0.0020        9.0763        9.0783       3.598502       0.03106
  11     328.5        5.4922        0.0022        8.9650        8.9672       3.474976       0.03359
  10     361.9        5.5082        0.0024        8.8349        8.8374       3.329123       0.03690
   9     398.1        5.5290        0.0027        8.6820        8.6847       3.155634       0.04042
   8     437.6        5.5561        0.0029        8.5028        8.5057       2.949546       0.04406
   7     480.5        5.5915        0.0031        8.2948        8.2979       2.706449       0.04774
   6     533.0        5.6456        0.0034        8.0209        8.0243       2.378667       0.05273
   5     589.8        5.7212        0.0036        7.7063        7.7100       1.988702       0.05788
   4     651.6        5.8342        0.0039        7.3412        7.3451       1.510879       0.06534
   3     718.7        6.0077        0.0041        6.9387        6.9428       0.935063       0.07236
   2     792.3        6.2929        0.0043        6.5066        6.5109       0.217995       0.08224
   1     891.5        0.1012        0.1338        0.0000        0.1338       0.032608       0.01578
   0    1013.0        0.1036        0.1305        0.0000        0.1305       0.026886       0.00040



 Wavenumbers:  5150. -  6150. cm-1, ATM      1
 LEVEL PRESSURE   UPWARD FLUX   DIFDOWN FLUX  DIRDOWN FLUX  DOWNWARD FLUX   NET FLUX    HEATING RATE
          mb          W/m2          W/m2          W/m2        W/m2          W/m2       degree/day
  51    .06700       12.7962        0.0000       25.5798       25.5798      12.783607       0.00000
  50    .07753       12.7962        0.0000       25.5798       25.5798      12.783567       0.03164
  49    .09103       12.7962        0.0000       25.5797       25.5797      12.783516       0.03212
  48    0.1069       12.7962        0.0000       25.5797       25.5797      12.783455       0.03263
  47    0.1255       12.7962        0.0000       25.5796       25.5796      12.783382       0.03313
  46    0.1487       12.7962        0.0000       25.5795       25.5795      12.783286       0.03490
  45    0.1794       12.7962        0.0000       25.5794       25.5794      12.783151       0.03715
  44    0.2165       12.7962        0.0000       25.5792       25.5792      12.782985       0.03771
  43    0.2613       12.7962        0.0000       25.5790       25.5790      12.782782       0.03829
  42    0.3336       12.7962        0.0000       25.5786       25.5786      12.782435       0.04045
  41    0.4307       12.7962        0.0000       25.5782       25.5782      12.781963       0.04100
  40    0.5894       12.7962        0.0000       25.5774       25.5774      12.781173       0.04201
  39     1.339       12.7962        0.0000       25.5735       25.5736      12.777367       0.04285
  38     1.782       12.7962        0.0001       25.5713       25.5714      12.775150       0.04221
  37     2.292       12.7962        0.0001       25.5688       25.5689      12.772640       0.04157
  36     2.964       12.7962        0.0001       25.5656       25.5657      12.769449       0.04005
  35     3.853       12.7962        0.0001       25.5615       25.5616      12.765393       0.03850
  34     5.035       12.7962        0.0002       25.5562       25.5564      12.760167       0.03733
  33     6.613       12.7963        0.0002       25.5494       25.5496      12.753384       0.03626
  32     8.786       12.7963        0.0003       25.5406       25.5409      12.744589       0.03416
  31     11.80       12.7964        0.0004       25.5287       25.5291      12.732685       0.03333
  30     15.07       12.7965        0.0005       25.5167       25.5172      12.720736       0.03085
  29     18.79       12.7966        0.0006       25.5042       25.5048      12.708231       0.02835
  28     23.16       12.7967        0.0008       25.4907       25.4914      12.694744       0.02608
  27     28.12       12.7969        0.0009       25.4764       25.4774      12.680504       0.02421
  26     33.73       12.7971        0.0011       25.4620       25.4631      12.666039       0.02175
  25     40.54       12.7974        0.0013       25.4463       25.4476      12.650172       0.01969
  24     48.69       12.7979        0.0016       25.4294       25.4310      12.633110       0.01766
  23     57.69       12.7984        0.0019       25.4126       25.4145      12.616101       0.01594
  22     68.43       12.7991        0.0023       25.3944       25.3967      12.597556       0.01458
  21     81.20       12.8000        0.0027       25.3744       25.3771      12.577072       0.01354
  20     96.49       12.8011        0.0032       25.3519       25.3551      12.553977       0.01275
  19     114.6       12.8025        0.0038       25.3262       25.3300      12.527427       0.01240
  18     136.5       12.8042        0.0045       25.2962       25.3007      12.496462       0.01191
  17     162.9       12.8063        0.0053       25.2521       25.2574      12.451103       0.01450
  16     196.4       12.8092        0.0064       25.1593       25.1657      12.356488       0.02382
  15     218.7       12.8113        0.0071       25.0159       25.0231      12.211736       0.05496
  14     243.0       12.8139        0.0079       24.7089       24.7168      11.902877       0.10712
  13     269.0       12.8172        0.0086       24.1619       24.1704      11.353248       0.17830
  12     297.5       12.8216        0.0093       23.4544       23.4637      10.642029       0.21094
  11     328.5       12.8275        0.0100       22.7355       22.7455       9.918004       0.19686
  10     361.9       12.8352        0.0108       21.9224       21.9332       9.097963       0.20748
   9     398.1       12.8457        0.0115       20.9939       21.0054       8.159721       0.21859
   8     437.6       12.8603        0.0122       19.9833       19.9955       7.135241       0.21904
   7     480.5       12.8806        0.0129       18.9483       18.9612       6.080567       0.20713
   6     533.0       12.9154        0.0137       17.7796       17.7933       4.877921       0.19347
   5     589.8       12.9721        0.0145       16.6726       16.6871       3.715002       0.17262
   4     651.6       13.0768        0.0154       15.6343       15.6497       2.572838       0.15619
   3     718.7       13.2714        0.0163       14.7738       14.7901       1.518707       0.13248
   2     792.3       13.6737        0.0173       14.0291       14.0464       0.372697       0.13143
   1     891.5        0.3456        0.4463        0.0000        0.4463       0.100709       0.02314
   0    1013.0        0.3499        0.4406        0.0000        0.4406       0.090768       0.00069



 Wavenumbers:  6150. -  7700. cm-1, ATM      1
 LEVEL PRESSURE   UPWARD FLUX   DIFDOWN FLUX  DIRDOWN FLUX  DOWNWARD FLUX   NET FLUX    HEATING RATE
          mb          W/m2          W/m2          W/m2        W/m2          W/m2       degree/day
  51    .06700       20.7829        0.0000       47.3109       47.3109      26.527937       0.00000
  50    .07753       20.7829        0.0000       47.3108       47.3108      26.527880       0.04553
  49    .09103       20.7829        0.0000       47.3107       47.3107      26.527807       0.04583
  48    0.1069       20.7829        0.0000       47.3106       47.3106      26.527720       0.04614
  47    0.1255       20.7829        0.0000       47.3105       47.3105      26.527617       0.04645
  46    0.1487       20.7829        0.0000       47.3104       47.3104      26.527484       0.04852
  45    0.1794       20.7829        0.0000       47.3102       47.3102      26.527298       0.05127
  44    0.2165       20.7829        0.0000       47.3100       47.3100      26.527070       0.05167
  43    0.2613       20.7829        0.0000       47.3097       47.3097      26.526794       0.05210
  42    0.3336       20.7829        0.0000       47.3092       47.3092      26.526325       0.05471
  41    0.4307       20.7829        0.0001       47.3085       47.3086      26.525690       0.05521
  40    0.5894       20.7829        0.0001       47.3074       47.3075      26.524630       0.05634
  39     1.339       20.7828        0.0002       47.3022       47.3024      26.519538       0.05733
  38     1.782       20.7828        0.0002       47.2991       47.2994      26.516568       0.05655
  37     2.292       20.7828        0.0003       47.2956       47.2960      26.513192       0.05591
  36     2.964       20.7827        0.0004       47.2912       47.2916      26.508874       0.05421
  35     3.853       20.7826        0.0005       47.2855       47.2860      26.503339       0.05253
  34     5.035       20.7826        0.0007       47.2780       47.2787      26.496159       0.05130
  33     6.613       20.7824        0.0009       47.2683       47.2692      26.486771       0.05019
  32     8.786       20.7823        0.0012       47.2556       47.2568      26.474471       0.04777
  31     11.80       20.7821        0.0016       47.2380       47.2396      26.457566       0.04733
  30     15.07       20.7818        0.0020       47.2201       47.2221      26.440277       0.04464
  29     18.79       20.7816        0.0026       47.2008       47.2034      26.421796       0.04190
  28     23.16       20.7813        0.0031       47.1795       47.1827      26.401403       0.03943
  27     28.12       20.7809        0.0038       47.1565       47.1603      26.379407       0.03739
  26     33.73       20.7805        0.0046       47.1324       47.1370      26.356481       0.03447
  25     40.54       20.7800        0.0055       47.1054       47.1109      26.330839       0.03181
  24     48.69       20.7794        0.0066       47.0754       47.0820      26.302579       0.02925
  23     57.69       20.7788        0.0078       47.0449       47.0528      26.273948       0.02684
  22     68.43       20.7781        0.0093       47.0110       47.0203      26.242199       0.02496
  21     81.20       20.7772        0.0110       46.9729       46.9839      26.206688       0.02346
  20     96.49       20.7761        0.0131       46.9294       46.9424      26.166325       0.02228
  19     114.6       20.7749        0.0155       46.8790       46.8945      26.119658       0.02179
  18     136.5       20.7734        0.0184       46.8200       46.8384      26.064986       0.02102
  17     162.9       20.7717        0.0219       46.7361       46.7580      25.986277       0.02516
  16     196.4       20.7697        0.0263       46.5703       46.5966      25.826856       0.04013
  15     218.7       20.7687        0.0292       46.3473       46.3765      25.607814       0.08316
  14     243.0       20.7681        0.0322       45.9299       45.9621      25.194000       0.14352
  13     269.0       20.7686        0.0353       45.1708       45.2061      24.437467       0.24542
  12     297.5       20.7713        0.0383       44.0115       44.0498      23.278455       0.34375
  11     328.5       20.7770        0.0414       42.7242       42.7656      21.988611       0.35071
  10     361.9       20.7872        0.0446       41.3539       41.3985      20.611308       0.34847
   9     398.1       20.8044        0.0477       39.7953       39.8430      19.038589       0.36641
   8     437.6       20.8329        0.0507       37.9948       38.0454      17.212548       0.39042
   7     480.5       20.8781        0.0535       36.0647       36.1182      15.240139       0.38737
   6     533.0       20.9628        0.0567       33.7773       33.8340      12.871144       0.38110
   5     589.8       21.1105        0.0596       31.4082       31.4678      10.357291       0.37314
   4     651.6       21.3972        0.0620       28.8834       28.9454       7.548230       0.38415
   3     718.7       21.9554        0.0642       26.4104       26.4746       4.519232       0.38066
   2     792.3       23.1929        0.0661       24.0056       24.0717       0.878819       0.41751
   1     891.5        0.4737        0.6127        0.0000        0.6127       0.138919       0.06296
   0    1013.0        0.4798        0.6042        0.0000        0.6042       0.124469       0.00100



 Wavenumbers:  7700. -  8050. cm-1, ATM      1
 LEVEL PRESSURE   UPWARD FLUX   DIFDOWN FLUX  DIRDOWN FLUX  DOWNWARD FLUX   NET FLUX    HEATING RATE
          mb          W/m2          W/m2          W/m2        W/m2          W/m2       degree/day
  51    .06700        9.2616        0.0000       11.1810       11.1810       1.919332       0.00000
  50    .07753        9.2616        0.0000       11.1809       11.1809       1.919307       0.01956
  49    .09103        9.2616        0.0000       11.1809       11.1809       1.919277       0.01917
  48    0.1069        9.2617        0.0000       11.1809       11.1809       1.919241       0.01876
  47    0.1255        9.2617        0.0000       11.1809       11.1809       1.919201       0.01836
  46    0.1487        9.2617        0.0000       11.1808       11.1808       1.919150       0.01863
  45    0.1794        9.2617        0.0000       11.1808       11.1808       1.919080       0.01917
  44    0.2165        9.2617        0.0000       11.1807       11.1807       1.918997       0.01881
  43    0.2613        9.2617        0.0000       11.1806       11.1806       1.918899       0.01846
  42    0.3336        9.2618        0.0000       11.1805       11.1805       1.918737       0.01888
  41    0.4307        9.2618        0.0000       11.1803       11.1804       1.918522       0.01868
  40    0.5894        9.2619        0.0000       11.1801       11.1801       1.918172       0.01866
  39     1.339        9.2624        0.0001       11.1788       11.1789       1.916511       0.01869
  38     1.782        9.2626        0.0001       11.1781       11.1782       1.915536       0.01857
  37     2.292        9.2629        0.0001       11.1772       11.1773       1.914407       0.01870
  36     2.964        9.2633        0.0002       11.1761       11.1763       1.912925       0.01861
  35     3.853        9.2639        0.0002       11.1746       11.1748       1.910967       0.01858
  34     5.035        9.2646        0.0003       11.1726       11.1729       1.908365       0.01859
  33     6.613        9.2655        0.0004       11.1700       11.1704       1.904890       0.01858
  32     8.786        9.2667        0.0006       11.1664       11.1669       1.900207       0.01819
  31     11.80        9.2685        0.0007       11.1613       11.1620       1.893509       0.01875
  30     15.07        9.2705        0.0010       11.1558       11.1568       1.886322       0.01856
  29     18.79        9.2727        0.0012       11.1497       11.1509       1.878207       0.01840
  28     23.16        9.2752        0.0015       11.1425       11.1440       1.868736       0.01831
  27     28.12        9.2782        0.0018       11.1343       11.1361       1.857915       0.01839
  26     33.73        9.2815        0.0021       11.1252       11.1273       1.845821       0.01818
  25     40.54        9.2855        0.0026       11.1142       11.1168       1.831231       0.01810
  24     48.69        9.2904        0.0031       11.1010       11.1041       1.813676       0.01817
  23     57.69        9.2958        0.0036       11.0866       11.0902       1.794438       0.01803
  22     68.43        9.3023        0.0043       11.0695       11.0738       1.771586       0.01796
  21     81.20        9.3100        0.0051       11.0494       11.0545       1.744451       0.01793
  20     96.49        9.3194        0.0061       11.0255       11.0316       1.712244       0.01778
  19     114.6        9.3306        0.0072       10.9975       11.0047       1.674180       0.01777
  18     136.5        9.3440        0.0085       10.9648       10.9733       1.629301       0.01726
  17     162.9        9.3603        0.0101       10.9263       10.9364       1.576171       0.01698
  16     196.4        9.3817        0.0122       10.8773       10.8895       1.507735       0.01723
  15     218.7        9.3961        0.0136       10.8455       10.8591       1.463017       0.01698
  14     243.0        9.4119        0.0150       10.8114       10.8265       1.414538       0.01681
  13     269.0        9.4294        0.0166       10.7749       10.7915       1.362058       0.01702
  12     297.5        9.4488        0.0184       10.7357       10.7541       1.305254       0.01685
  11     328.5        9.4703        0.0202       10.6937       10.7140       1.243694       0.01674
  10     361.9        9.4941        0.0222       10.6489       10.6711       1.177033       0.01687
   9     398.1        9.5206        0.0244       10.6008       10.6251       1.104590       0.01688
   8     437.6        9.5503        0.0267       10.5491       10.5758       1.025519       0.01691
   7     480.5        9.5836        0.0292       10.4934       10.5226       0.939011       0.01699
   6     533.0        9.6271        0.0322       10.4243       10.4565       0.829402       0.01763
   5     589.8        9.6779        0.0355       10.3479       10.3834       0.705547       0.01838
   4     651.6        9.7388        0.0391       10.2613       10.3004       0.561558       0.01969
   3     718.7        9.8137        0.0428       10.1618       10.2046       0.390894       0.02145
   2     792.3        9.9091        0.0468       10.0439       10.0907       0.181592       0.02400
   1     891.5        0.2449        0.3203        0.0000        0.3203       0.075424       0.00903
   0    1013.0        0.2496        0.3143        0.0000        0.3143       0.064747       0.00074



 Wavenumbers:  8050. - 12850. cm-1, ATM      1
 LEVEL PRESSURE   UPWARD FLUX   DIFDOWN FLUX  DIRDOWN FLUX  DOWNWARD FLUX   NET FLUX    HEATING RATE
          mb          W/m2          W/m2          W/m2        W/m2          W/m2       degree/day
  51    .06700      122.3507        0.0000      156.5418      156.5418      34.191009       0.00000
  50    .07753      122.3507        0.0000      156.5417      156.5417      34.191009      -0.00000
  49    .09103      122.3507        0.0001      156.5417      156.5417      34.191009      -0.00000
  48    0.1069      122.3507        0.0001      156.5416      156.5417      34.191009       0.00000
  47    0.1255      122.3507        0.0002      156.5415      156.5417      34.191009      -0.00000
  46    0.1487      122.3507        0.0003      156.5414      156.5417      34.191009       0.00000
  45    0.1794      122.3506        0.0003      156.5413      156.5417      34.191009       0.00000
  44    0.2165      122.3506        0.0005      156.5412      156.5416      34.191009      -0.00000
  43    0.2613      122.3506        0.0006      156.5410      156.5416      34.191009      -0.00000
  42    0.3336      122.3505        0.0008      156.5407      156.5415      34.191009       0.00000
  41    0.4307      122.3504        0.0011      156.5403      156.5414      34.191009      -0.00000
  40    0.5894      122.3503        0.0016      156.5397      156.5413      34.191009       0.00000
  39     1.339      122.3496        0.0039      156.5367      156.5406      34.191009      -0.00000
  38     1.782      122.3493        0.0053      156.5350      156.5403      34.191009      -0.00000
  37     2.292      122.3488        0.0068      156.5330      156.5398      34.191009       0.00000
  36     2.964      122.3482        0.0089      156.5303      156.5392      34.191009       0.00000
  35     3.853      122.3475        0.0116      156.5268      156.5385      34.191009      -0.00000
  34     5.035      122.3465        0.0153      156.5222      156.5375      34.191009       0.00000
  33     6.613      122.3451        0.0201      156.5160      156.5361      34.191009      -0.00000
  32     8.786      122.3433        0.0266      156.5076      156.5343      34.191009      -0.00000
  31     11.80      122.3406        0.0360      156.4957      156.5316      34.191009       0.00000
  30     15.07      122.3378        0.0460      156.4828      156.5288      34.191009       0.00000
  29     18.79      122.3346        0.0574      156.4682      156.5256      34.191009      -0.00000
  28     23.16      122.3309        0.0707      156.4512      156.5219      34.191009      -0.00000
  27     28.12      122.3266        0.0859      156.4317      156.5176      34.191009       0.00000
  26     33.73      122.3218        0.1029      156.4099      156.5128      34.191009       0.00000
  25     40.54      122.3160        0.1236      156.3834      156.5070      34.191009       0.00000
  24     48.69      122.3090        0.1485      156.3515      156.5000      34.191009      -0.00000
  23     57.69      122.3013        0.1759      156.3164      156.4923      34.191009      -0.00000
  22     68.43      122.2921        0.2085      156.2746      156.4831      34.191009       0.00000
  21     81.20      122.2811        0.2475      156.2246      156.4721      34.191009      -0.00000
  20     96.49      122.2680        0.2941      156.1649      156.4590      34.191009       0.00000
  19     114.6      122.2527        0.3495      156.0879      156.4374      34.184687       0.00295
  18     136.5      122.2345        0.4152      155.9962      156.4114      34.176850       0.00301
  17     162.9      122.2129        0.4937      155.8831      156.3768      34.163871       0.00415
  16     196.4      122.1851        0.5958      155.7199      156.3158      34.130713       0.00835
  15     218.7      122.1674        0.6630      155.5733      156.2363      34.068923       0.02346
  14     243.0      122.1497        0.7360      155.3367      156.0727      33.922924       0.05064
  13     269.0      122.1344        0.8149      154.9514      155.7664      33.631927       0.09440
  12     297.5      122.1253        0.9000      154.3896      155.2896      33.164334       0.13868
  11     328.5      122.1248        0.9918      153.7151      154.7069      32.582052       0.15832
  10     361.9      122.1382        1.0903      152.9087      153.9991      31.860864       0.18247
   9     398.1      122.1740        1.1958      151.8986      153.0944      30.920362       0.21912
   8     437.6      122.2471        1.3080      150.6031      151.9111      29.664064       0.26860
   7     480.5      122.3755        1.4268      149.0014      150.4282      28.052682       0.31647
   6     533.0      122.6289        1.5706      146.7375      148.3082      25.679255       0.38181
   5     589.8      123.0807        1.7215      143.8730      145.5945      22.513746       0.46987
   4     651.6      123.9540        1.8764      140.0955      141.9719      18.017921       0.61482
   3     718.7      125.5913        2.0336      135.5278      137.5614      11.970155       0.76004
   2     792.3      128.8936        2.1892      130.0690      132.2583       3.364661       0.98695
   1     891.5        3.2317        4.1684        0.0000        4.1684       0.936668       0.20661
   0    1013.0        3.2685        4.1165        0.0000        4.1165       0.847991       0.00616



 Wavenumbers: 12850. - 16000. cm-1, ATM      1
 LEVEL PRESSURE   UPWARD FLUX   DIFDOWN FLUX  DIRDOWN FLUX  DOWNWARD FLUX   NET FLUX    HEATING RATE
          mb          W/m2          W/m2          W/m2        W/m2          W/m2       degree/day
  51    .06700       85.2121        0.0000       98.0872       98.0872      12.875178       0.00000
  50    .07753       85.2121        0.0001       98.0864       98.0864      12.874384       0.63661
  49    .09103       85.2121        0.0002       98.0853       98.0855      12.873385       0.62382
  48    0.1069       85.2121        0.0003       98.0841       98.0843      12.872238       0.61083
  47    0.1255       85.2121        0.0004       98.0826       98.0830      12.870918       0.59818
  46    0.1487       85.2121        0.0005       98.0809       98.0814      12.869252       0.60755
  45    0.1794       85.2122        0.0008       98.0784       98.0792      12.866982       0.62305
  44    0.2165       85.2123        0.0010       98.0756       98.0766      12.864309       0.60799
  43    0.2613       85.2125        0.0013       98.0723       98.0736      12.861162       0.59323
  42    0.3336       85.2128        0.0018       98.0670       98.0688      12.856017       0.59984
  41    0.4307       85.2133        0.0024       98.0602       98.0626      12.849352       0.57956
  40    0.5894       85.2142        0.0035       98.0496       98.0530      12.838820       0.56009
  39     1.339       85.2221        0.0084       98.0043       98.0128      12.790626       0.54257
  38     1.782       85.2292        0.0113       97.9793       97.9906      12.761389       0.55664
  37     2.292       85.2397        0.0147       97.9498       97.9645      12.724765       0.60658
  36     2.964       85.2570        0.0191       97.9088       97.9279      12.670962       0.67540
  35     3.853       85.2847        0.0250       97.8503       97.8753      12.590599       0.76266
  34     5.035       85.3264        0.0327       97.7680       97.8007      12.474331       0.83057
  33     6.613       85.3845        0.0431       97.6562       97.6992      12.314742       0.85316
  32     8.786       85.4602        0.0570       97.5107       97.5677      12.107421       0.80516
  31     11.80       85.5590        0.0769       97.3179       97.3948      11.835756       0.76058
  30     15.07       85.6539        0.0983       97.1283       97.2266      11.572720       0.67911
  29     18.79       85.7510        0.1224       96.9300       97.0524      11.301412       0.61514
  28     23.16       85.8528        0.1505       96.7166       96.8671      11.014262       0.55525
  27     28.12       85.9558        0.1827       96.4935       96.6762      10.720426       0.49950
  26     33.73       86.0516        0.2187       96.2731       96.4918      10.440226       0.42129
  25     40.54       86.1449        0.2622       96.0408       96.3030      10.158090       0.35002
  24     48.69       86.2357        0.3147       95.7946       96.1093       9.873590       0.29441
  23     57.69       86.3144        0.3724       95.5573       95.9297       9.615273       0.24213
  22     68.43       86.3854        0.4411       95.3106       95.7517       9.366352       0.19569
  21     81.20       86.4387        0.5231       95.0643       95.5874       9.148685       0.14383
  20     96.49       86.4736        0.6209       94.8153       95.4362       8.962591       0.10271
  19     114.6       86.5114        0.7381       94.5411       95.2792       8.767790       0.09096
  18     136.5       86.5443        0.8770       94.2320       95.1091       8.564716       0.07809
  17     162.9       86.5730        1.0424       93.8753       94.9178       8.344779       0.07030
  16     196.4       86.5873        1.2570       93.4347       94.6917       8.104366       0.06052
  15     218.7       86.5889        1.3980       93.1513       94.5492       7.960380       0.05467
  14     243.0       86.5876        1.5512       92.8439       94.3951       7.807505       0.05302
  13     269.0       86.5838        1.7172       92.5111       94.2283       7.644504       0.05288
  12     297.5       86.5786        1.8966       92.1495       94.0461       7.467484       0.05250
  11     328.5       86.5745        2.0904       91.7554       93.8458       7.271276       0.05335
  10     361.9       86.5733        2.2991       91.3262       93.6253       7.051979       0.05548
   9     398.1       86.5775        2.5237       90.8575       93.3812       6.803701       0.05784
   8     437.6       86.5916        2.7646       90.3418       93.1064       6.514801       0.06177
   7     480.5       86.6206        3.0227       89.7728       92.7955       6.174910       0.06675
   6     533.0       86.6823        3.3399       89.0428       92.3828       5.700506       0.07632
   5     589.8       86.7959        3.6807       88.2038       91.8845       5.088575       0.09083
   4     651.6       87.0128        4.0443       87.1979       91.2423       4.229472       0.11748
   3     718.7       87.3753        4.4296       86.0161       90.4458       3.070477       0.14565
   2     792.3       88.0059        4.8326       84.5970       89.4296       1.423725       0.18886
   1     891.5        6.2803        7.0104        0.0000        7.0104       0.730074       0.05903
   0    1013.0        6.3152        6.9650        0.0000        6.9650       0.649837       0.00557



 Wavenumbers: 16000. - 22650. cm-1, ATM      1
 LEVEL PRESSURE   UPWARD FLUX   DIFDOWN FLUX  DIRDOWN FLUX  DOWNWARD FLUX   NET FLUX    HEATING RATE
          mb          W/m2          W/m2          W/m2        W/m2          W/m2       degree/day
  51    .06700      141.9394        0.0000      156.3892      156.3892      14.449859       0.00000
  50    .07753      141.9394        0.0004      156.3887      156.3891      14.449711       0.11892
  49    .09103      141.9393        0.0009      156.3879      156.3888      14.449495       0.13488
  48    0.1069      141.9393        0.0015      156.3871      156.3885      14.449206       0.15381
  47    0.1255      141.9394        0.0021      156.3861      156.3882      14.448819       0.17532
  46    0.1487      141.9394        0.0030      156.3847      156.3877      14.448249       0.20775
  45    0.1794      141.9396        0.0041      156.3828      156.3869      14.447358       0.24461
  44    0.2165      141.9398        0.0054      156.3805      156.3859      14.446150       0.27492
  43    0.2613      141.9401        0.0070      156.3776      156.3847      14.444510       0.30907
  42    0.3336      141.9409        0.0097      156.3726      156.3823      14.441393       0.36347
  41    0.4307      141.9422        0.0132      156.3657      156.3789      14.436694       0.40858
  40    0.5894      141.9448        0.0189      156.3537      156.3726      14.427732       0.47659
  39     1.339      141.9678        0.0459      156.2834      156.3294      14.361519       0.74543
  38     1.782      141.9891        0.0618      156.2324      156.2942      14.305114       1.07386
  37     2.292      142.0208        0.0802      156.1641      156.2443      14.223468       1.35229
  36     2.964      142.0736        0.1043      156.0605      156.1648      14.091198       1.66038
  35     3.853      142.1589        0.1361      155.9041      156.0402      13.881317       1.99181
  34     5.035      142.2876        0.1784      155.6774      155.8558      13.568188       2.23686
  33     6.613      142.4674        0.2348      155.3656      155.6004      13.133023       2.32639
  32     8.786      142.7016        0.3107      154.9577      155.2683      12.566764       2.19915
  31     11.80      143.0064        0.4191      154.4153      154.8344      11.827923       2.06852
  30     15.07      143.2985        0.5353      153.8804      154.4157      11.117162       1.83505
  29     18.79      143.5968        0.6664      153.3191      153.9855      10.388677       1.65170
  28     23.16      143.9087        0.8193      152.7126      153.5319       9.623203       1.48018
  27     28.12      144.2225        0.9939      152.0755      153.0694       8.846860       1.31973
  26     33.73      144.5124        1.1891      151.4409      152.6300       8.117618       1.09643
  25     40.54      144.7915        1.4247      150.7637      152.1884       7.396842       0.89420
  24     48.69      145.0590        1.7084      150.0338      151.7423       6.683239       0.73847
  23     57.69      145.2861        2.0198      149.3151      151.3349       6.048754       0.59473
  22     68.43      145.4846        2.3901      148.5476      150.9377       5.453121       0.46825
  21     81.20      145.6224        2.8311      147.7517      150.5828       4.960378       0.32560
  20     96.49      145.6951        3.3561      146.9127      150.2688       4.573688       0.21343
  19     114.6      145.7340        3.9777      145.9763      149.9539       4.219984       0.16515
  18     136.5      145.7483        4.7116      144.9088      149.6204       3.872023       0.13380
  17     162.9      145.7366        5.5815      143.6785      149.2600       3.523456       0.11142
  16     196.4      145.6590        6.7039      142.1651      148.8690       3.209943       0.07891
  15     218.7      145.5853        7.4375      141.2033      148.6408       3.055476       0.05865
  14     243.0      145.4948        8.2314      140.1753      148.4067       2.911978       0.04977
  13     269.0      145.3858        9.0879      139.0797      148.1676       2.781838       0.04222
  12     297.5      145.2578       10.0091      137.9141      147.9232       2.665389       0.03454
  11     328.5      145.1150       10.9993      136.6676      147.6669       2.551915       0.03085
  10     361.9      144.9570       12.0593      135.3392      147.3985       2.441514       0.02793
   9     398.1      144.7836       13.1934      133.9235      147.1168       2.333211       0.02523
   8     437.6      144.5958       14.4033      132.4163      146.8196       2.223725       0.02341
   7     480.5      144.3935       15.6914      130.8147      146.5061       2.112640       0.02182
   6     533.0      144.1452       17.2648      128.8599      146.1247       1.979460       0.02142
   5     589.8      143.8830       18.9459      126.7679      145.7138       1.830883       0.02205
   4     651.6      143.6144       20.7364      124.5274      145.2638       1.649427       0.02481
   3     718.7      143.3473       22.6380      122.1285      144.7665       1.419219       0.02893
   2     792.3      143.1013       24.6486      119.5548      144.2034       1.102095       0.03637
   1     891.5       54.0344       54.8682        0.0000       54.8682       0.833767       0.02283
   0    1013.0       54.0936       54.7894        0.0000       54.7894       0.695825       0.00958



 Wavenumbers: 22650. - 29000. cm-1, ATM      1
 LEVEL PRESSURE   UPWARD FLUX   DIFDOWN FLUX  DIRDOWN FLUX  DOWNWARD FLUX   NET FLUX    HEATING RATE
          mb          W/m2          W/m2          W/m2        W/m2          W/m2       degree/day
  51    .06700       58.6819        0.0000       59.0156       59.0156       0.333702       0.00000
  50    .07753       58.6818        0.0005       59.0151       59.0155       0.333702      -0.00000
  49    .09103       58.6817        0.0010       59.0144       59.0154       0.333702       0.00000
  48    0.1069       58.6816        0.0017       59.0136       59.0153       0.333702       0.00000
  47    0.1255       58.6814        0.0025       59.0127       59.0151       0.333702       0.00000
  46    0.1487       58.6812        0.0035       59.0115       59.0149       0.333702      -0.00000
  45    0.1794       58.6810        0.0048       59.0099       59.0147       0.333702       0.00000
  44    0.2165       58.6807        0.0063       59.0080       59.0144       0.333702       0.00000
  43    0.2613       58.6803        0.0082       59.0058       59.0140       0.333702      -0.00000
  42    0.3336       58.6797        0.0113       59.0022       59.0134       0.333702       0.00000
  41    0.4307       58.6790        0.0154       58.9973       59.0127       0.333702       0.00000
  40    0.5894       58.6777        0.0220       58.9894       59.0114       0.333702      -0.00000
  39     1.339       58.6716        0.0535       58.9518       59.0053       0.333702       0.00000
  38     1.782       58.6680        0.0720       58.9297       59.0017       0.333702       0.00000
  37     2.292       58.6639        0.0934       58.9042       58.9976       0.333702       0.00000
  36     2.964       58.6585        0.1216       58.8706       58.9922       0.333702      -0.00000
  35     3.853       58.6514        0.1587       58.8264       58.9851       0.333702       0.00000
  34     5.035       58.6419        0.2080       58.7676       58.9756       0.333702       0.00000
  33     6.613       58.6292        0.2738       58.6891       58.9629       0.333702      -0.00000
  32     8.786       58.6121        0.3624       58.5834       58.9458       0.333702       0.00000
  31     11.80       58.5878        0.4890       58.4324       58.9215       0.333702       0.00000
  30     15.07       58.5616        0.6247       58.2706       58.8953       0.333702       0.00000
  29     18.79       58.5322        0.7777       58.0882       58.8659       0.333702      -0.00000
  28     23.16       58.4979        0.9559       57.8757       58.8316       0.333702       0.00000
  27     28.12       58.4587        1.1591       57.6333       58.7924       0.333702      -0.00000
  26     33.73       58.4151        1.3857       57.3631       58.7488       0.333702       0.00000
  25     40.54       58.3626        1.6584       57.0379       58.6963       0.333702      -0.00000
  24     48.69       58.2996        1.9854       56.6479       58.6333       0.333702       0.00000
  23     57.69       58.2308        2.3424       56.2221       58.5645       0.333702       0.00000
  22     68.43       58.1495        2.7646       55.7186       58.4832       0.333702       0.00000
  21     81.20       58.0534        3.2632       55.1239       58.3871       0.333702      -0.00000
  20     96.49       57.9401        3.8510       54.4228       58.2738       0.333702      -0.00000
  19     114.6       57.8073        4.5400       53.6010       58.1410       0.333702       0.00000
  18     136.5       57.6522        5.3441       52.6418       57.9859       0.333702       0.00000
  17     162.9       57.4708        6.2842       51.5203       57.8045       0.333702       0.00000
  16     196.4       57.2410        7.4752       50.0994       57.5747       0.333702      -0.00000
  15     218.7       57.0932        8.2406       49.1863       57.4269       0.333702       0.00000
  14     243.0       56.9354        9.0578       48.2113       57.2691       0.333702       0.00000
  13     269.0       56.7675        9.9263       47.1749       57.1012       0.333702       0.00000
  12     297.5       56.5899       10.8453       46.0783       56.9236       0.333702       0.00000
  11     328.5       56.4021       11.8163       44.9195       56.7358       0.333702      -0.00000
  10     361.9       56.2047       12.8365       43.7018       56.5384       0.333702       0.00000
   9     398.1       55.9975       13.9062       42.4250       56.3313       0.333702       0.00000
   8     437.6       55.7811       15.0232       41.0916       56.1148       0.333702      -0.00000
   7     480.5       55.5558       16.1851       39.7045       55.8895       0.333702       0.00000
   6     533.0       55.2876       17.5671       38.0543       55.6213       0.333702      -0.00000
   5     589.8       55.0092       18.9999       36.3431       55.3429       0.333702       0.00000
   4     651.6       54.7220       20.4762       34.5795       55.0557       0.333702       0.00000
   3     718.7       54.4270       21.9905       32.7702       54.7607       0.333702       0.00000
   2     792.3       54.1258       23.5340       30.9256       54.4595       0.333702      -0.00000
   1     891.5       24.8005       25.1194        0.0000       25.1194       0.318875       0.00126
   0    1013.0       24.7894       25.1083        0.0000       25.1083       0.318875       0.00000



 Wavenumbers: 29000. - 38000. cm-1, ATM      1
 LEVEL PRESSURE   UPWARD FLUX   DIFDOWN FLUX  DIRDOWN FLUX  DOWNWARD FLUX   NET FLUX    HEATING RATE
          mb          W/m2          W/m2          W/m2        W/m2          W/m2       degree/day
  51    .06700        8.8048        0.0000       20.8114       20.8114      12.006608       0.00000
  50    .07753        8.8046        0.0003       20.8070       20.8074      12.002801       3.05165
  49    .09103        8.8043        0.0007       20.8009       20.8016      11.997263       3.46097
  48    0.1069        8.8041        0.0012       20.7928       20.7939      11.989853       3.94442
  47    0.1255        8.8038        0.0017       20.7820       20.7837      11.979948       4.49049
  46    0.1487        8.8035        0.0024       20.7665       20.7688      11.965384       5.30862
  45    0.1794        8.8030        0.0033       20.7424       20.7457      11.942719       6.22226
  44    0.2165        8.8025        0.0044       20.7103       20.7147      11.912195       6.94365
  43    0.2613        8.8019        0.0056       20.6675       20.6731      11.871199       7.72761
  42    0.3336        8.8010        0.0077       20.5880       20.5957      11.794635       8.92659
  41    0.4307        8.7999        0.0104       20.4722       20.4826      11.682678       9.73442
  40    0.5894        8.7984        0.0147       20.2637       20.2784      11.479985      10.77893
  39     1.339        8.7951        0.0332       19.0984       19.1315      10.336442      12.87422
  38     1.782        8.7957        0.0428       18.4394       18.4821       9.686461      12.37458
  37     2.292        8.7984        0.0530       17.7714       17.8245       9.026036      10.93837
  36     2.964        8.8051        0.0658       17.0421       17.1079       8.302782       9.07902
  35     3.853        8.8182        0.0817       16.2678       16.3496       7.531397       7.32058
  34     5.035        8.8396        0.1019       15.4803       15.5822       6.742595       5.63488
  33     6.613        8.8708        0.1277       14.7157       14.8434       5.972578       4.11652
  32     8.786        8.9121        0.1616       13.9936       14.1551       5.243048       2.83323
  31     11.80        8.9660        0.2087       13.2835       13.4923       4.526297       2.00668
  30     15.07        9.0179        0.2576       12.7394       12.9970       3.979021       1.41296
  29     18.79        9.0717        0.3118       12.2666       12.5784       3.506705       1.07089
  28     23.16        9.1289        0.3735       11.8300       12.2035       3.074590       0.83557
  27     28.12        9.1875        0.4425       11.4279       11.8704       2.682833       0.66596
  26     33.73        9.2418        0.5186       11.0695       11.5881       2.346249       0.50606
  25     40.54        9.2935        0.6095       10.7209       11.3304       2.036934       0.38374
  24     48.69        9.3425        0.7174       10.3742       11.0916       1.749148       0.29781
  23     57.69        9.3829        0.8342       10.0549       10.8891       1.506206       0.22772
  22     68.43        9.4160        0.9713        9.7327       10.7040       1.287972       0.17156
  21     81.20        9.4327        1.1331        9.4134       10.5465       1.113844       0.11506
  20     96.49        9.4309        1.3234        9.0887       10.4121       0.981210       0.07320
  19     114.6        9.4189        1.5432        8.7388       10.2820       0.863077       0.05516
  18     136.5        9.3999        1.7946        8.3549       10.1495       0.749649       0.04362
  17     162.9        9.3739        2.0813        7.9311       10.0124       0.638503       0.03553
  16     196.4        9.3292        2.4364        7.4333        9.8697       0.540584       0.02465
  15     218.7        9.2967        2.6599        7.1295        9.7894       0.492791       0.01815
  14     243.0        9.2610        2.8935        6.8161        9.7096       0.448632       0.01532
  13     269.0        9.2219        3.1365        6.4943        9.6309       0.408956       0.01287
  12     297.5        9.1796        3.3878        6.1657        9.5535       0.373957       0.01038
  11     328.5        9.1354        3.6464        5.8295        9.4758       0.340424       0.00912
  10     361.9        9.0899        3.9097        5.4886        9.3984       0.308509       0.00807
   9     398.1        9.0431        4.1774        5.1440        9.3214       0.278239       0.00705
   8     437.6        8.9957        4.4478        4.7969        9.2447       0.249033       0.00624
   7     480.5        8.9479        4.7188        4.4504        9.1692       0.221284       0.00545
   6     533.0        8.8934        5.0281        4.0563        9.0844       0.191001       0.00487
   5     589.8        8.8398        5.3333        3.6682        9.0015       0.161642       0.00436
   4     651.6        8.7884        5.6307        3.2905        8.9212       0.132880       0.00393
   3     718.7        8.7394        5.9189        2.9252        8.8441       0.104667       0.00355
   2     792.3        8.6938        6.1944        2.5764        8.7708       0.077006       0.00317
   1     891.5        3.4836        3.5389        0.0000        3.5389       0.055297       0.00185
   0    1013.0        3.4852        3.5300        0.0000        3.5300       0.044831       0.00073



 Wavenumbers: 38000. - 50000. cm-1, ATM      1
 LEVEL PRESSURE   UPWARD FLUX   DIFDOWN FLUX  DIRDOWN FLUX  DOWNWARD FLUX   NET FLUX    HEATING RATE
          mb          W/m2          W/m2          W/m2        W/m2          W/m2       degree/day
  51    .06700        0.0061        0.0000        1.2836        1.2836       1.277518       0.00000
  50    .07753        0.0061        0.0001        1.2812        1.2812       1.275183       1.87150
  49    .09103        0.0060        0.0002        1.2777        1.2778       1.271851       2.08247
  48    0.1069        0.0059        0.0002        1.2731        1.2734       1.267473       2.33059
  47    0.1255        0.0058        0.0004        1.2672        1.2675       1.261717       2.60908
  46    0.1487        0.0057        0.0005        1.2586        1.2591       1.253391       3.03499
  45    0.1794        0.0055        0.0007        1.2455        1.2462       1.240623       3.50520
  44    0.2165        0.0054        0.0009        1.2282        1.2291       1.223697       3.85037
  43    0.2613        0.0052        0.0011        1.2054        1.2065       1.201348       4.21261
  42    0.3336        0.0049        0.0015        1.1639        1.1654       1.160524       4.75970
  41    0.4307        0.0045        0.0020        1.1051        1.1070       1.102565       5.03943
  40    0.5894        0.0039        0.0026        1.0039        1.0064       1.002524       5.32007
  39     1.339        0.0022        0.0035        0.5438        0.5473       0.545104       5.14971
  38     1.782        0.0016        0.0032        0.3635        0.3666       0.365006       3.42879
  37     2.292        0.0012        0.0027        0.2356        0.2383       0.237058       2.11916
  36     2.964        0.0009        0.0022        0.1455        0.1477       0.146786       1.13318
  35     3.853        0.0006        0.0017        0.0858        0.0875       0.086906       0.56828
  34     5.035        0.0004        0.0013        0.0488        0.0501       0.049701       0.26578
  33     6.613        0.0003        0.0010        0.0273        0.0282       0.027974       0.11615
  32     8.786        0.0002        0.0007        0.0144        0.0151       0.014928       0.05067
  31     11.80        0.0001        0.0004        0.0065        0.0070       0.006903       0.02247
  30     15.07        0.0000        0.0003        0.0031        0.0034       0.003329       0.00923
  29     18.79        0.0000        0.0002        0.0014        0.0016       0.001583       0.00396
  28     23.16        0.0000        0.0001        0.0006        0.0007       0.000720       0.00167
  27     28.12        0.0000        0.0001        0.0003        0.0003       0.000317       0.00069
  26     33.73        0.0000        0.0000        0.0001        0.0001       0.000140       0.00027
  25     40.54        0.0000        0.0000        0.0000        0.0001       0.000057       0.00010
  24     48.69        0.0000        0.0000        0.0000        0.0000       0.000021       0.00004
  23     57.69        0.0000        0.0000        0.0000        0.0000       0.000008       0.00001
  22     68.43        0.0000        0.0000        0.0000        0.0000       0.000003       0.00000
  21     81.20        0.0000        0.0000        0.0000        0.0000       0.000001       0.00000
  20     96.49        0.0000        0.0000        0.0000        0.0000       0.000000       0.00000
  19     114.6        0.0000        0.0000        0.0000        0.0000       0.000000       0.00000
  18     136.5        0.0000        0.0000        0.0000        0.0000       0.000000       0.00000
  17     162.9        0.0000        0.0000        0.0000        0.0000       0.000000       0.00000
  16     196.4        0.0000        0.0000        0.0000        0.0000       0.000000       0.00000
  15     218.7        0.0000        0.0000        0.0000        0.0000       0.000000       0.00000
  14     243.0        0.0000        0.0000        0.0000        0.0000       0.000000       0.00000
  13     269.0        0.0000        0.0000        0.0000        0.0000       0.000000       0.00000
  12     297.5        0.0000        0.0000        0.0000        0.0000       0.000000       0.00000
  11     328.5        0.0000        0.0000        0.0000        0.0000       0.000000       0.00000
  10     361.9        0.0000        0.0000        0.0000        0.0000       0.000000       0.00000
   9     398.1        0.0000        0.0000        0.0000        0.0000       0.000000       0.00000
   8     437.6        0.0000        0.0000        0.0000        0.0000       0.000000       0.00000
   7     480.5        0.0000        0.0000        0.0000        0.0000       0.000000       0.00000
   6     533.0        0.0000        0.0000        0.0000        0.0000       0.000000       0.00000
   5     589.8        0.0000        0.0000        0.0000        0.0000       0.000000       0.00000
   4     651.6        0.0000        0.0000        0.0000        0.0000       0.000000       0.00000
   3     718.7        0.0000        0.0000        0.0000        0.0000       0.000000       0.00000
   2     792.3        0.0000        0.0000        0.0000        0.0000       0.000000       0.00000
   1     891.5        0.0000        0.0000        0.0000        0.0000       0.000000       0.00000
   0    1013.0        0.0000        0.0000        0.0000        0.0000       0.000000       0.00000



 Wavenumbers:   820. -  2600. cm-1, ATM      1
 LEVEL PRESSURE   UPWARD FLUX   DIFDOWN FLUX  DIRDOWN FLUX  DOWNWARD FLUX   NET FLUX    HEATING RATE
          mb          W/m2          W/m2          W/m2        W/m2          W/m2       degree/day
  51    .06700        1.8498        0.0000        6.0047        6.0047       4.154807       0.00000
  50    .07753        1.8498        0.0000        6.0008        6.0008       4.150953       3.08827
  49    .09103        1.8498        0.0000        5.9999        5.9999       4.150068       0.55363
  48    0.1069        1.8498        0.0000        5.9989        5.9989       4.149078       0.52658
  47    0.1255        1.8498        0.0000        5.9978        5.9978       4.147961       0.50656
  46    0.1487        1.8498        0.0000        5.9964        5.9964       4.146604       0.49463
  45    0.1794        1.8498        0.0000        5.9947        5.9947       4.144885       0.47206
  44    0.2165        1.8498        0.0000        5.9929        5.9929       4.143042       0.41917
  43    0.2613        1.8498        0.0000        5.9909        5.9909       4.141082       0.36940
  42    0.3336        1.8498        0.0000        5.9880        5.9880       4.138203       0.33563
  41    0.4307        1.8498        0.0000        5.9846        5.9846       4.134733       0.30172
  40    0.5894        1.8498        0.0000        5.9791        5.9791       4.129227       0.29284
  39     1.339        1.8499        0.0000        5.9536        5.9536       4.103732       0.28702
  38     1.782        1.8499        0.0000        5.9395        5.9395       4.089590       0.26925
  37     2.292        1.8499        0.0000        5.9237        5.9237       4.073834       0.26096
  36     2.964        1.8499        0.0000        5.9039        5.9039       4.054054       0.24830
  35     3.853        1.8499        0.0000        5.8793        5.8793       4.029390       0.23407
  34     5.035        1.8499        0.0000        5.8487        5.8487       3.998816       0.21841
  33     6.613        1.8499        0.0000        5.8108        5.8108       3.960837       0.20304
  32     8.786        1.8499        0.0000        5.7631        5.7631       3.913193       0.18503
  31     11.80        1.8500        0.0000        5.7039        5.7039       3.853908       0.16598
  30     15.07        1.8500        0.0000        5.6539        5.6539       3.803837       0.12927
  29     18.79        1.8501        0.0000        5.6127        5.6127       3.762666       0.09335
  28     23.16        1.8501        0.0000        5.5794        5.5794       3.729247       0.06462
  27     28.12        1.8502        0.0000        5.5518        5.5518       3.701629       0.04695
  26     33.73        1.8502        0.0000        5.5268        5.5268       3.676519       0.03775
  25     40.54        1.8503        0.0000        5.4993        5.4993       3.649004       0.03413
  24     48.69        1.8504        0.0000        5.4678        5.4678       3.617377       0.03273
  23     57.69        1.8505        0.0000        5.4340        5.4340       3.583491       0.03176
  22     68.43        1.8507        0.0000        5.3947        5.3948       3.544099       0.03097
  21     81.20        1.8508        0.0000        5.3497        5.3497       3.498919       0.02985
  20     96.49        1.8510        0.0000        5.2982        5.2982       3.447223       0.02853
  19     114.6        1.8512        0.0000        5.2389        5.2389       3.387675       0.02780
  18     136.5        1.8515        0.0000        5.1716        5.1717       3.320134       0.02597
  17     162.9        1.8520        0.0000        5.0890        5.0891       3.237096       0.02654
  16     196.4        1.8527        0.0000        4.9668        4.9668       3.114150       0.03095
  15     218.7        1.8534        0.0000        4.8585        4.8585       3.005085       0.04141
  14     243.0        1.8545        0.0000        4.7078        4.7079       2.853336       0.05263
  13     269.0        1.8562        0.0000        4.5343        4.5343       2.678080       0.05685
  12     297.5        1.8589        0.0000        4.3419        4.3420       2.483081       0.05783
  11     328.5        1.8625        0.0000        4.1281        4.1281       2.265671       0.05911
  10     361.9        1.8672        0.0000        3.8786        3.8787       2.011443       0.06432
   9     398.1        1.8734        0.0000        3.6159        3.6160       1.742559       0.06264
   8     437.6        1.8814        0.0000        3.3759        3.3759       1.494513       0.05303
   7     480.5        1.8912        0.0000        3.1957        3.1958       1.304613       0.03730
   6     533.0        1.9061        0.0001        3.0467        3.0467       1.140637       0.02638
   5     589.8        1.9281        0.0001        2.9023        2.9023       0.974216       0.02470
   4     651.6        1.9665        0.0001        2.7183        2.7184       0.751840       0.03041
   3     718.7        2.0340        0.0001        2.5058        2.5059       0.471872       0.03518
   2     792.3        2.1688        0.0001        2.2756        2.2757       0.106841       0.04186
   1     891.5        0.0067        0.0111        0.0000        0.0111       0.004463       0.00871
   0    1013.0        0.0077        0.0096        0.0000        0.0096       0.001987       0.00017

  Modules and versions used in this calculation:

       rrtmg_sw.1col.f90:  $Revision$                    rrtmg_sw_init.f90:  $Revision$        
     rrtmgsw_cldprop.f90:  $Revision$                  rrtmgsw_cldprmc.f90:  NOT USED          
     rrtmg_sw_reftra.f90:  $Revision$                  rrtmg_sw_spcvrt.f90:  NOT USED          
     rrtmg_sw_spcvmc.f90:  NOT USED                    rrtmgsw_setcoef.f90:  NOT USED          
     rrtmg_sw_taumol.f90:  $Revision$                  rrtmg_sw_vrtqdr.f90:  NOT USED          
                rrtatm.f:  NOT USED                             util_xxx.f:  NOT USED          
                 extra.f:  NOT USED                       rrtmg_sw_k_g.f90:  $Revision$        

