

 Wavenumbers:   820. - 50000. cm-1, ATM      1
 LEVEL PRESSURE   UPWARD FLUX   DIFDOWN FLUX  DIRDOWN FLUX  DOWNWARD FLUX   NET FLUX    HEATING RATE
          mb          W/m2          W/m2          W/m2        W/m2          W/m2       degree/day
  60   .000300       89.9664        0.0000     1178.5299     1178.5299    1088.563477       0.00000
  59    0.1000       89.9601        0.0099     1178.4152     1178.4252    1088.465088       8.32817
  58    0.1403       89.9577        0.0139     1178.3567     1178.3706    1088.412943      10.91943
  57    0.1968       89.9544        0.0196     1178.2596     1178.2792    1088.324789      13.16714
  56    0.2760       89.9500        0.0273     1178.1014     1178.1287    1088.178678      15.56884
  55    0.3871       89.9442        0.0382     1177.8509     1177.8891    1087.944923      17.75604
  54    0.5430       89.9365        0.0532     1177.4591     1177.5123    1087.575824      19.97998
  53    0.7617       89.9267        0.0737     1176.8288     1176.9025    1086.975812      23.15313
  52     1.069       89.9146        0.1018     1175.8350     1175.9368    1086.022183      26.23148
  51     1.499       89.9011        0.1394     1174.3807     1174.5200    1084.618900      27.52151
  50     2.102       89.8884        0.1896     1172.4349     1172.6246    1082.736216      26.32248
  49     2.949       89.8808        0.2595     1170.1126     1170.3721    1080.491336      22.37759
  48     4.137       89.8840        0.3566     1167.6920     1168.0486    1078.164567      16.53414
  47     5.803       89.8991        0.4912     1165.2484     1165.7396    1075.840456      11.77352
  46     8.139       89.9191        0.6784     1162.7594     1163.4378    1073.518631       8.38542
  45     11.42       89.9308        0.9389     1160.1702     1161.1091    1071.178315       6.02547
  44     16.01       89.9209        1.3005     1157.3494     1158.6499    1068.729000       4.49575
  43     22.46       89.8722        1.8031     1154.1670     1155.9701    1066.097857       3.44295
  42     31.51       89.7390        2.5018     1150.6011     1153.1029    1063.363949       2.55036
  41     44.20       89.4376        3.4761     1146.6494     1150.1255    1060.687881       1.77969
  40     62.00       88.8910        4.8209     1142.1066     1146.9275    1058.036495       1.25706
  39     85.78       87.9879        6.5970     1137.0714     1143.6685    1055.680606       0.83624
  38     109.5       86.9700        8.3767     1132.4784     1140.8551    1053.885136       0.63732
  37     133.1       85.9611       10.0595     1128.2479     1138.3073    1052.346220       0.55264
  36     156.8       84.9626       11.6693     1124.2508     1135.9201    1050.957506       0.49244
  35     180.6       83.8782       13.3525     1120.0714     1133.4239    1049.545714       0.50121
  34     202.8       82.8112       14.9482     1115.9083     1130.8565    1048.045295       0.56968
  33     228.4       81.7092       16.5490     1111.2858     1127.8348    1046.125558       0.63339
  32     252.2       80.5941       18.1268     1106.1734     1124.3001    1043.706068       0.85882
  31     276.0       79.4820       19.6600     1100.5016     1120.1616    1040.679633       1.07426
  30     299.8       78.3525       21.1790     1094.0089     1115.1879    1036.835444       1.36453
  29     323.5       77.2143       22.6746     1086.8626     1109.5372    1032.322830       1.60179
  28     347.3       76.0807       24.1308     1079.3346     1103.4654    1027.384620       1.75286
  27     371.1       74.9561       25.5436     1071.6958     1097.2394    1022.283252       1.81078
  26     394.9       73.8109       26.9509     1063.6789     1090.6298    1016.818881       1.93963
  25     418.6       72.6640       28.3294     1055.4021     1083.7315    1011.067514       2.04150
  24     442.4       71.5140       29.6819     1046.8402     1076.5220    1005.007994       2.15088
  23     466.2       70.3571       31.0129     1038.1251     1069.1381     998.780929       2.21035
  22     489.9       69.2097       32.3049     1029.4275     1061.7324     992.522766       2.22139
  21     513.7       68.0524       33.5805     1020.5903     1054.1708     986.118458       2.27327
  20     537.5       66.9033       34.8203     1011.7398     1046.5602     979.656890       2.29359
  19     561.3       65.7612       36.0273     1002.8703     1038.8976     973.136452       2.31449
  18     585.0       64.6012       37.2277      993.8932     1031.1209     966.519690       2.34868
  17     608.8       63.4509       38.3935      985.0611     1023.4547     960.003736       2.31290
  16     632.6       62.3104       39.5259      976.3557     1015.8816     953.571151       2.28330
  15     656.4       61.1571       40.6480      967.5099     1008.1579     947.000839       2.33219
  14     680.1       60.0150       41.7373      958.6223     1000.3596     940.344596       2.36269
  13     703.9       58.8852       42.7947      949.7095      992.5042     933.618989       2.38731
  12     727.7       57.7518       43.8361      940.6277      984.4638     926.711932       2.45172
  11     751.5       56.6176       44.8607      931.2850      976.1457     919.528066       2.54998
  10     775.2       55.4987       45.8558      921.7905      967.6462     912.147506       2.61979
   9     799.0       54.3981       46.8215      912.1475      958.9691     904.570956       2.68936
   8     822.8       53.2989       47.7741      902.3801      950.1542     896.855295       2.73874
   7     846.6       52.2105       48.7043      892.9784      941.6827     889.472195       2.62070
   6     870.4       51.1401       49.6077      883.9329      933.5407     882.400585       2.51013
   5     894.1       50.0899       50.4851      875.1964      925.6815     875.591647       2.41689
   4     917.9       49.0521       51.3461      866.6242      917.9703     868.918169       2.36881
   3     941.7       48.0363       52.1876      858.1804      910.3680     862.331687       2.33793
   2     965.5       47.0572       53.0036      849.9191      902.9226     855.865461       2.29524
   1     989.2       46.1241       53.7946      841.8323      895.6269     849.502803       2.25801
   0    1013.0       45.2517       54.5612      833.9156      888.4768     843.225170       2.22877



 Wavenumbers:  2600. -  3250. cm-1, ATM      1
 LEVEL PRESSURE   UPWARD FLUX   DIFDOWN FLUX  DIRDOWN FLUX  DOWNWARD FLUX   NET FLUX    HEATING RATE
          mb          W/m2          W/m2          W/m2        W/m2          W/m2       degree/day
  60   .000300        0.0996        0.0000       10.3869       10.3869      10.287271       0.00000
  59    0.1000        0.0996        0.0000       10.3868       10.3868      10.287199       0.00613
  58    0.1403        0.0996        0.0000       10.3868       10.3868      10.287169       0.00614
  57    0.1968        0.0996        0.0000       10.3867       10.3867      10.287128       0.00617
  56    0.2760        0.0996        0.0000       10.3867       10.3867      10.287070       0.00614
  55    0.3871        0.0996        0.0000       10.3866       10.3866      10.286986       0.00643
  54    0.5430        0.0996        0.0000       10.3865       10.3865      10.286860       0.00680
  53    0.7617        0.0996        0.0000       10.3863       10.3863      10.286662       0.00764
  52     1.069        0.0996        0.0000       10.3859       10.3859      10.286331       0.00912
  51     1.499        0.0996        0.0000       10.3853       10.3853      10.285717       0.01203
  50     2.102        0.0996        0.0000       10.3842       10.3842      10.284614       0.01543
  49     2.949        0.0996        0.0000       10.3823       10.3823      10.282683       0.01925
  48     4.137        0.0996        0.0000       10.3791       10.3791      10.279543       0.02231
  47     5.803        0.0996        0.0000       10.3744       10.3744      10.274808       0.02399
  46     8.139        0.0996        0.0000       10.3677       10.3677      10.268136       0.02410
  45     11.42        0.0996        0.0000       10.3589       10.3589      10.259328       0.02268
  44     16.01        0.0996        0.0000       10.3482       10.3482      10.248583       0.01972
  43     22.46        0.0996        0.0000       10.3359       10.3360      10.236370       0.01598
  42     31.51        0.0996        0.0000       10.3220       10.3220      10.222414       0.01302
  41     44.20        0.0996        0.0000       10.3033       10.3033      10.203698       0.01245
  40     62.00        0.0996        0.0000       10.2742       10.2743      10.174688       0.01375
  39     85.78        0.0996        0.0000       10.2297       10.2297      10.130172       0.01580
  38     109.5        0.0996        0.0000       10.1788       10.1788      10.079267       0.01807
  37     133.1        0.0996        0.0000       10.1281       10.1281      10.028544       0.01822
  36     156.8        0.0996        0.0001       10.0785       10.0786       9.978990       0.01757
  35     180.6        0.0996        0.0001       10.0266       10.0267       9.927099       0.01842
  34     202.8        0.0996        0.0001        9.9767        9.9767       9.877155       0.01896
  33     228.4        0.0996        0.0001        9.9237        9.9237       9.824131       0.01749
  32     252.2        0.0996        0.0001        9.8667        9.8668       9.767178       0.02022
  31     276.0        0.0997        0.0001        9.8055        9.8056       9.705923       0.02174
  30     299.8        0.0997        0.0001        9.7373        9.7374       9.637699       0.02422
  29     323.5        0.0998        0.0001        9.6622        9.6623       9.562482       0.02670
  28     347.3        0.0999        0.0001        9.5802        9.5803       9.480448       0.02912
  27     371.1        0.1000        0.0001        9.4928        9.4929       9.392951       0.03106
  26     394.9        0.1001        0.0001        9.3956        9.3957       9.295553       0.03457
  25     418.6        0.1003        0.0001        9.2879        9.2881       9.187781       0.03825
  24     442.4        0.1005        0.0001        9.1670        9.1671       9.066661       0.04299
  23     466.2        0.1007        0.0001        9.0330        9.0332       8.932459       0.04764
  22     489.9        0.1010        0.0002        8.8868        8.8869       8.785985       0.05199
  21     513.7        0.1013        0.0002        8.7247        8.7248       8.623550       0.05766
  20     537.5        0.1016        0.0002        8.5487        8.5489       8.447239       0.06258
  19     561.3        0.1021        0.0002        8.3624        8.3626       8.260558       0.06626
  18     585.0        0.1025        0.0002        8.1680        8.1682       8.065649       0.06918
  17     608.8        0.1031        0.0002        7.9728        7.9729       7.869839       0.06950
  16     632.6        0.1037        0.0002        7.7780        7.7781       7.674449       0.06936
  15     656.4        0.1044        0.0002        7.5792        7.5793       7.474905       0.07083
  14     680.1        0.1053        0.0002        7.3789        7.3790       7.273796       0.07139
  13     703.9        0.1062        0.0002        7.1780        7.1782       7.071936       0.07165
  12     727.7        0.1074        0.0002        6.9727        6.9729       6.865535       0.07326
  11     751.5        0.1087        0.0002        6.7603        6.7604       6.651692       0.07591
  10     775.2        0.1104        0.0002        6.5412        6.5414       6.430955       0.07835
   9     799.0        0.1124        0.0002        6.3151        6.3153       6.202831       0.08097
   8     822.8        0.1149        0.0002        6.0829        6.0830       5.968166       0.08330
   7     846.6        0.1176        0.0002        5.8593        5.8595       5.741844       0.08034
   6     870.4        0.1207        0.0002        5.6450        5.6451       5.524369       0.07719
   5     894.1        0.1243        0.0002        5.4393        5.4395       5.315185       0.07425
   4     917.9        0.1284        0.0002        5.2400        5.2401       5.111689       0.07223
   3     941.7        0.1333        0.0001        5.0462        5.0463       4.913018       0.07052
   2     965.5        0.1392        0.0001        4.8597        4.8598       4.720689       0.06827
   1     989.2        0.1463        0.0001        4.6808        4.6809       4.534645       0.06602
   0    1013.0        0.1551        0.0001        4.5091        4.5092       4.354097       0.06410



 Wavenumbers:  3250. -  4000. cm-1, ATM      1
 LEVEL PRESSURE   UPWARD FLUX   DIFDOWN FLUX  DIRDOWN FLUX  DOWNWARD FLUX   NET FLUX    HEATING RATE
          mb          W/m2          W/m2          W/m2        W/m2          W/m2       degree/day
  60   .000300        0.0005        0.0000       17.5107       17.5107      17.510250       0.00000
  59    0.1000        0.0005        0.0000       17.4874       17.4874      17.486944       1.97274
  58    0.1403        0.0005        0.0000       17.4830       17.4830      17.482498       0.93095
  57    0.1968        0.0005        0.0000       17.4775       17.4775      17.477027       0.81724
  56    0.2760        0.0005        0.0000       17.4710       17.4710      17.470528       0.69248
  55    0.3871        0.0005        0.0000       17.4634       17.4634      17.462895       0.57975
  54    0.5430        0.0005        0.0000       17.4544       17.4544      17.453960       0.48372
  53    0.7617        0.0005        0.0000       17.4435       17.4435      17.443024       0.42198
  52     1.069        0.0005        0.0000       17.4298       17.4298      17.429314       0.37711
  51     1.499        0.0005        0.0000       17.4131       17.4131      17.412608       0.32766
  50     2.102        0.0005        0.0000       17.3930       17.3930      17.392529       0.28073
  49     2.949        0.0005        0.0000       17.3688       17.3688      17.368287       0.24165
  48     4.137        0.0005        0.0000       17.3396       17.3396      17.339104       0.20738
  47     5.803        0.0005        0.0000       17.3033       17.3033      17.302811       0.18385
  46     8.139        0.0005        0.0000       17.2551       17.2551      17.254650       0.17394
  45     11.42        0.0005        0.0000       17.1863       17.1863      17.185874       0.17707
  44     16.01        0.0005        0.0000       17.0848       17.0849      17.084398       0.18626
  43     22.46        0.0005        0.0000       16.9355       16.9355      16.935083       0.19538
  42     31.51        0.0004        0.0000       16.7228       16.7228      16.722370       0.19843
  41     44.20        0.0004        0.0001       16.4422       16.4423      16.441835       0.18657
  40     62.00        0.0004        0.0001       16.1119       16.1120      16.111556       0.15659
  39     85.78        0.0004        0.0001       15.7464       15.7465      15.746151       0.12970
  38     109.5        0.0003        0.0001       15.3890       15.3891      15.388764       0.12686
  37     133.1        0.0003        0.0002       15.0559       15.0561      15.055762       0.11959
  36     156.8        0.0003        0.0002       14.7383       14.7385      14.738226       0.11260
  35     180.6        0.0003        0.0002       14.3891       14.3893      14.389042       0.12397
  34     202.8        0.0002        0.0002       13.9728       13.9730      13.972789       0.15804
  33     228.4        0.0002        0.0002       13.4379       13.4381      13.437936       0.17647
  32     252.2        0.0002        0.0003       12.8021       12.8024      12.802180       0.22567
  31     276.0        0.0002        0.0003       12.0803       12.0805      12.080369       0.25621
  30     299.8        0.0001        0.0003       11.2773       11.2776      11.277463       0.28500
  29     323.5        0.0001        0.0003       10.4463       10.4465      10.446381       0.29500
  28     347.3        0.0001        0.0003        9.6143        9.6145       9.614389       0.29532
  27     371.1        0.0001        0.0002        8.8127        8.8129       8.812818       0.28452
  26     394.9        0.0001        0.0002        8.0240        8.0242       8.024117       0.27996
  25     418.6        0.0001        0.0002        7.2944        7.2946       7.294509       0.25898
  24     442.4        0.0001        0.0002        6.6305        6.6307       6.630678       0.23563
  23     466.2        0.0001        0.0002        6.0330        6.0332       6.033147       0.21210
  22     489.9        0.0001        0.0002        5.4955        5.4957       5.495667       0.19078
  21     513.7        0.0000        0.0002        4.9943        4.9945       4.994441       0.17791
  20     537.5        0.0000        0.0002        4.5296        4.5298       4.529729       0.16495
  19     561.3        0.0000        0.0002        4.0964        4.0966       4.096530       0.15377
  18     585.0        0.0000        0.0001        3.6898        3.6899       3.689915       0.14433
  17     608.8        0.0000        0.0001        3.3168        3.3169       3.316889       0.13241
  16     632.6        0.0000        0.0001        2.9706        2.9707       2.970689       0.12289
  15     656.4        0.0000        0.0001        2.6361        2.6362       2.636168       0.11874
  14     680.1        0.0000        0.0001        2.3154        2.3155       2.315482       0.11383
  13     703.9        0.0000        0.0001        2.0121        2.0122       2.012152       0.10767
  12     727.7        0.0000        0.0001        1.7238        1.7238       1.723823       0.10234
  11     751.5        0.0000        0.0001        1.4514        1.4515       1.451459       0.09668
  10     775.2        0.0000        0.0000        1.2014        1.2014       1.201427       0.08875
   9     799.0        0.0000        0.0000        0.9746        0.9746       0.974593       0.08052
   8     822.8        0.0000        0.0000        0.7718        0.7718       0.771830       0.07197
   7     846.6        0.0000        0.0000        0.6029        0.6030       0.602928       0.05995
   6     870.4        0.0000        0.0000        0.4633        0.4633       0.463256       0.04958
   5     894.1        0.0001        0.0000        0.3487        0.3487       0.348620       0.04069
   4     917.9        0.0001        0.0000        0.2553        0.2553       0.255217       0.03315
   3     941.7        0.0002        0.0000        0.1811        0.1811       0.180879       0.02639
   2     965.5        0.0004        0.0000        0.1243        0.1243       0.123879       0.02023
   1     989.2        0.0008        0.0000        0.0824        0.0824       0.081543       0.01502
   0    1013.0        0.0018        0.0000        0.0526        0.0526       0.050808       0.01091



 Wavenumbers:  4000. -  4650. cm-1, ATM      1
 LEVEL PRESSURE   UPWARD FLUX   DIFDOWN FLUX  DIRDOWN FLUX  DOWNWARD FLUX   NET FLUX    HEATING RATE
          mb          W/m2          W/m2          W/m2        W/m2          W/m2       degree/day
  60   .000300        0.4058        0.0000       20.5629       20.5629      20.157093       0.00000
  59    0.1000        0.4058        0.0000       20.5629       20.5629      20.157084       0.00076
  58    0.1403        0.4058        0.0000       20.5629       20.5629      20.157080       0.00076
  57    0.1968        0.4058        0.0000       20.5629       20.5629      20.157075       0.00077
  56    0.2760        0.4058        0.0000       20.5629       20.5629      20.157068       0.00076
  55    0.3871        0.4058        0.0000       20.5629       20.5629      20.157058       0.00080
  54    0.5430        0.4058        0.0000       20.5628       20.5628      20.157042       0.00085
  53    0.7617        0.4058        0.0000       20.5628       20.5628      20.157017       0.00095
  52     1.069        0.4058        0.0000       20.5628       20.5628      20.156976       0.00114
  51     1.499        0.4058        0.0000       20.5627       20.5627      20.156899       0.00151
  50     2.102        0.4058        0.0000       20.5625       20.5625      20.156758       0.00197
  49     2.949        0.4058        0.0000       20.5623       20.5623      20.156505       0.00252
  48     4.137        0.4058        0.0000       20.5618       20.5619      20.156076       0.00305
  47     5.803        0.4058        0.0000       20.5611       20.5612      20.155383       0.00351
  46     8.139        0.4058        0.0000       20.5600       20.5601      20.154300       0.00391
  45     11.42        0.4058        0.0000       20.5583       20.5584      20.152627       0.00431
  44     16.01        0.4057        0.0001       20.5558       20.5558      20.150088       0.00466
  43     22.46        0.4057        0.0001       20.5519       20.5520      20.146292       0.00497
  42     31.51        0.4057        0.0001       20.5462       20.5463      20.140598       0.00531
  41     44.20        0.4057        0.0002       20.5371       20.5372      20.131570       0.00600
  40     62.00        0.4056        0.0002       20.5229       20.5231      20.117481       0.00668
  39     85.78        0.4055        0.0003       20.5027       20.5030      20.097496       0.00709
  38     109.5        0.4055        0.0004       20.4809       20.4813      20.075805       0.00770
  37     133.1        0.4054        0.0005       20.4596       20.4601      20.054670       0.00759
  36     156.8        0.4054        0.0006       20.4387       20.4393      20.033898       0.00737
  35     180.6        0.4054        0.0006       20.4160       20.4166      20.011280       0.00803
  34     202.8        0.4053        0.0007       20.3926       20.3934      19.988028       0.00883
  33     228.4        0.4053        0.0008       20.3656       20.3664      19.961081       0.00889
  32     252.2        0.4053        0.0009       20.3337       20.3346      19.929293       0.01128
  31     276.0        0.4054        0.0010       20.2957       20.2966      19.891270       0.01350
  30     299.8        0.4054        0.0011       20.2489       20.2500      19.844534       0.01659
  29     323.5        0.4056        0.0011       20.1931       20.1942      19.788663       0.01983
  28     347.3        0.4057        0.0012       20.1274       20.1286      19.722910       0.02334
  27     371.1        0.4059        0.0013       20.0516       20.0529      19.647017       0.02694
  26     394.9        0.4061        0.0014       19.9601       19.9615      19.555352       0.03254
  25     418.6        0.4064        0.0014       19.8521       19.8536      19.447176       0.03840
  24     442.4        0.4067        0.0015       19.7266       19.7281      19.321433       0.04463
  23     466.2        0.4070        0.0016       19.5863       19.5879      19.180906       0.04988
  22     489.9        0.4074        0.0016       19.4360       19.4376      19.030216       0.05349
  21     513.7        0.4078        0.0017       19.2749       19.2766      18.868814       0.05729
  20     537.5        0.4083        0.0018       19.1084       19.1102      18.701869       0.05926
  19     561.3        0.4089        0.0018       18.9388       18.9406      18.531681       0.06041
  18     585.0        0.4096        0.0019       18.7657       18.7676      18.358040       0.06164
  17     608.8        0.4103        0.0019       18.5937       18.5957      18.185328       0.06131
  16     632.6        0.4112        0.0020       18.4198       18.4218      18.010622       0.06201
  15     656.4        0.4122        0.0020       18.2346       18.2367      17.824424       0.06609
  14     680.1        0.4134        0.0021       18.0352       18.0373      17.623877       0.07119
  13     703.9        0.4148        0.0021       17.8191       17.8212      17.406342       0.07722
  12     727.7        0.4165        0.0022       17.5793       17.5815      17.164927       0.08569
  11     751.5        0.4186        0.0022       17.3114       17.3136      16.894953       0.09583
  10     775.2        0.4211        0.0022       17.0189       17.0211      16.600011       0.10469
   9     799.0        0.4242        0.0022       16.7047       16.7070      16.282721       0.11262
   8     822.8        0.4280        0.0022       16.3760       16.3782      15.950175       0.11804
   7     846.6        0.4323        0.0023       16.0593       16.0616      15.629279       0.11390
   6     870.4        0.4371        0.0023       15.7583       15.7606      15.323457       0.10855
   5     894.1        0.4426        0.0023       15.4724       15.4747      15.032113       0.10342
   4     917.9        0.4489        0.0023       15.1975       15.1998      14.750833       0.09984
   3     941.7        0.4563        0.0023       14.9313       14.9336      14.477343       0.09708
   2     965.5        0.4650        0.0023       14.6745       14.6768      14.211873       0.09423
   1     989.2        0.4753        0.0023       14.4257       14.4280      13.952700       0.09198
   0    1013.0        0.4881        0.0024       14.1832       14.1856      13.697550       0.09059



 Wavenumbers:  4650. -  5150. cm-1, ATM      1
 LEVEL PRESSURE   UPWARD FLUX   DIFDOWN FLUX  DIRDOWN FLUX  DOWNWARD FLUX   NET FLUX    HEATING RATE
          mb          W/m2          W/m2          W/m2        W/m2          W/m2       degree/day
  60   .000300        0.2984        0.0000       19.4637       19.4637      19.165344       0.00000
  59    0.1000        0.2984        0.0000       19.4616       19.4616      19.163217       0.18010
  58    0.1403        0.2984        0.0000       19.4608       19.4608      19.162369       0.17751
  57    0.1968        0.2984        0.0000       19.4596       19.4596      19.161186       0.17667
  56    0.2760        0.2984        0.0000       19.4580       19.4580      19.159564       0.17285
  55    0.3871        0.2984        0.0000       19.4557       19.4557      19.157322       0.17032
  54    0.5430        0.2984        0.0000       19.4527       19.4527      19.154270       0.16521
  53    0.7617        0.2984        0.0000       19.4485       19.4485      19.150149       0.15903
  52     1.069        0.2984        0.0000       19.4430       19.4430      19.144620       0.15208
  51     1.499        0.2984        0.0000       19.4358       19.4358      19.137444       0.14072
  50     2.102        0.2984        0.0000       19.4268       19.4268      19.128414       0.12625
  49     2.949        0.2984        0.0000       19.4156       19.4156      19.117227       0.11152
  48     4.137        0.2984        0.0000       19.4025       19.4025      19.104125       0.09310
  47     5.803        0.2984        0.0000       19.3880       19.3880      19.089645       0.07335
  46     8.139        0.2984        0.0000       19.3727       19.3727      19.074354       0.05522
  45     11.42        0.2983        0.0001       19.3566       19.3566      19.058290       0.04136
  44     16.01        0.2983        0.0001       19.3382       19.3383      19.040014       0.03355
  43     22.46        0.2983        0.0001       19.3137       19.3139      19.015561       0.03200
  42     31.51        0.2983        0.0002       19.2759       19.2761      18.977843       0.03519
  41     44.20        0.2982        0.0002       19.2144       19.2147      18.916471       0.04081
  40     62.00        0.2981        0.0003       19.1162       19.1165      18.818355       0.04652
  39     85.78        0.2981        0.0005       18.9723       18.9728      18.674743       0.05098
  38     109.5        0.2980        0.0006       18.8226       18.8232      18.525150       0.05310
  37     133.1        0.2980        0.0007       18.6820       18.6827      18.384740       0.05042
  36     156.8        0.2979        0.0008       18.5521       18.5529      18.254955       0.04602
  35     180.6        0.2979        0.0009       18.4221       18.4230      18.125120       0.04609
  34     202.8        0.2979        0.0011       18.3045       18.3056      18.007644       0.04460
  33     228.4        0.2979        0.0012       18.1900       18.1912      17.893261       0.03774
  32     252.2        0.2980        0.0013       18.0793       18.0806      17.782610       0.03928
  31     276.0        0.2981        0.0014       17.9712       17.9726      17.674551       0.03836
  30     299.8        0.2982        0.0015       17.8600       17.8615      17.563354       0.03947
  29     323.5        0.2984        0.0016       17.7439       17.7456      17.447195       0.04123
  28     347.3        0.2986        0.0017       17.6233       17.6250      17.326396       0.04288
  27     371.1        0.2989        0.0018       17.4971       17.4989      17.200068       0.04484
  26     394.9        0.2992        0.0019       17.3613       17.3633      17.064036       0.04829
  25     418.6        0.2996        0.0020       17.2164       17.2184      16.918779       0.05156
  24     442.4        0.3001        0.0021       17.0610       17.0631      16.763002       0.05529
  23     466.2        0.3007        0.0022       16.8951       16.8973      16.596660       0.05904
  22     489.9        0.3013        0.0023       16.7200       16.7223      16.420961       0.06237
  21     513.7        0.3021        0.0023       16.5324       16.5347      16.232657       0.06684
  20     537.5        0.3029        0.0024       16.3345       16.3369      16.033974       0.07052
  19     561.3        0.3039        0.0025       16.1252       16.1277      15.823849       0.07459
  18     585.0        0.3050        0.0025       15.9027       15.9053      15.600309       0.07935
  17     608.8        0.3062        0.0026       15.6739       15.6765      15.370333       0.08163
  16     632.6        0.3076        0.0026       15.4388       15.4415      15.133910       0.08392
  15     656.4        0.3092        0.0027       15.1918       15.1945      14.885312       0.08824
  14     680.1        0.3110        0.0027       14.9376       14.9403      14.629315       0.09087
  13     703.9        0.3130        0.0028       14.6778       14.6806      14.367580       0.09291
  12     727.7        0.3154        0.0028       14.4096       14.4124      14.096981       0.09605
  11     751.5        0.3182        0.0028       14.1308       14.1337      13.815473       0.09992
  10     775.2        0.3215        0.0029       13.8457       13.8486      13.527130       0.10235
   9     799.0        0.3253        0.0029       13.5557       13.5586      13.233281       0.10430
   8     822.8        0.3297        0.0029       13.2680       13.2708      12.941104       0.10371
   7     846.6        0.3347        0.0029       12.9947       12.9976      12.662939       0.09874
   6     870.4        0.3401        0.0029       12.7360       12.7389      12.398862       0.09374
   5     894.1        0.3461        0.0029       12.4897       12.4926      12.146570       0.08955
   4     917.9        0.3529        0.0030       12.2513       12.2543      11.901444       0.08701
   3     941.7        0.3606        0.0030       12.0196       12.0226      11.662062       0.08497
   2     965.5        0.3693        0.0030       11.7944       11.7973      11.428034       0.08307
   1     989.2        0.3793        0.0030       11.5748       11.5778      11.198415       0.08149
   0    1013.0        0.3910        0.0030       11.3601       11.3631      10.972124       0.08034



 Wavenumbers:  5150. -  6150. cm-1, ATM      1
 LEVEL PRESSURE   UPWARD FLUX   DIFDOWN FLUX  DIRDOWN FLUX  DOWNWARD FLUX   NET FLUX    HEATING RATE
          mb          W/m2          W/m2          W/m2        W/m2          W/m2       degree/day
  60   .000300        0.7413        0.0000       48.7957       48.7957      48.054421       0.00000
  59    0.1000        0.7413        0.0000       48.7952       48.7952      48.053925       0.04198
  58    0.1403        0.7413        0.0000       48.7950       48.7950      48.053725       0.04192
  57    0.1968        0.7413        0.0000       48.7947       48.7947      48.053443       0.04209
  56    0.2760        0.7413        0.0000       48.7943       48.7943      48.053052       0.04167
  55    0.3871        0.7412        0.0000       48.7937       48.7938      48.052502       0.04179
  54    0.5430        0.7412        0.0000       48.7930       48.7930      48.051735       0.04151
  53    0.7617        0.7412        0.0000       48.7919       48.7919      48.050664       0.04134
  52     1.069        0.7412        0.0000       48.7904       48.7904      48.049153       0.04156
  51     1.499        0.7412        0.0000       48.7882       48.7883      48.047054       0.04116
  50     2.102        0.7412        0.0001       48.7853       48.7854      48.044148       0.04063
  49     2.949        0.7412        0.0001       48.7811       48.7812      48.040036       0.04100
  48     4.137        0.7412        0.0001       48.7754       48.7755      48.034296       0.04079
  47     5.803        0.7411        0.0001       48.7673       48.7675      48.026343       0.04029
  46     8.139        0.7411        0.0002       48.7562       48.7564      48.015370       0.03963
  45     11.42        0.7410        0.0003       48.7410       48.7413      48.000326       0.03873
  44     16.01        0.7409        0.0004       48.7204       48.7208      47.979914       0.03747
  43     22.46        0.7408        0.0006       48.6927       48.6932      47.952488       0.03589
  42     31.51        0.7406        0.0008       48.6560       48.6568      47.916236       0.03382
  41     44.20        0.7403        0.0011       48.6081       48.6093      47.868960       0.03144
  40     62.00        0.7399        0.0016       48.5474       48.5489      47.808996       0.02843
  39     85.78        0.7395        0.0022       48.4749       48.4771      47.737619       0.02534
  38     109.5        0.7390        0.0028       48.4093       48.4120      47.673052       0.02292
  37     133.1        0.7385        0.0033       48.3516       48.3550      47.616456       0.02032
  36     156.8        0.7381        0.0039       48.2969       48.3008      47.562762       0.01904
  35     180.6        0.7376        0.0045       48.2263       48.2308      47.493239       0.02468
  34     202.8        0.7371        0.0051       48.1104       48.1154      47.378301       0.04364
  33     228.4        0.7367        0.0056       47.8953       47.9009      47.164204       0.07064
  32     252.2        0.7362        0.0061       47.5462       47.5523      46.816088       0.12357
  31     276.0        0.7358        0.0066       47.0018       47.0084      46.272573       0.19293
  30     299.8        0.7354        0.0070       46.2280       46.2350      45.499567       0.27439
  29     323.5        0.7351        0.0074       45.3172       45.3246      44.589532       0.32302
  28     347.3        0.7347        0.0078       44.3649       44.3727      43.637952       0.33777
  27     371.1        0.7344        0.0081       43.4009       43.4090      42.674534       0.34197
  26     394.9        0.7342        0.0083       42.3421       42.3504      41.616289       0.37563
  25     418.6        0.7339        0.0086       41.2026       41.2112      40.477282       0.40430
  24     442.4        0.7337        0.0088       40.0102       40.0190      39.285270       0.42311
  23     466.2        0.7336        0.0089       38.8234       38.8323      38.098724       0.42118
  22     489.9        0.7335        0.0091       37.6751       37.6841      36.950643       0.40752
  21     513.7        0.7335        0.0092       36.5413       36.5505      35.817031       0.40239
  20     537.5        0.7335        0.0094       35.4444       35.4538      34.720280       0.38930
  19     561.3        0.7336        0.0095       34.3962       34.4057      33.672041       0.37208
  18     585.0        0.7338        0.0096       33.4029       33.4126      32.678712       0.35259
  17     608.8        0.7342        0.0098       32.4974       32.5072      31.773038       0.32148
  16     632.6        0.7346        0.0099       31.6753       31.6852      30.950615       0.29193
  15     656.4        0.7351        0.0101       30.9083       30.9183      30.183181       0.27241
  14     680.1        0.7359        0.0102       30.2024       30.2126      29.476765       0.25075
  13     703.9        0.7368        0.0104       29.5587       29.5690      28.832213       0.22879
  12     727.7        0.7380        0.0105       28.9627       28.9733      28.235235       0.21190
  11     751.5        0.7396        0.0107       28.4027       28.4133      27.673711       0.19932
  10     775.2        0.7417        0.0108       27.8801       27.8909      27.149238       0.18617
   9     799.0        0.7443        0.0110       27.3861       27.3971      26.652792       0.17622
   8     822.8        0.7476        0.0111       26.9112       26.9222      26.174625       0.16973
   7     846.6        0.7515        0.0112       26.4704       26.4816      25.730117       0.15778
   6     870.4        0.7560        0.0113       26.0523       26.0636      25.307623       0.14997
   5     894.1        0.7614        0.0114       25.6487       25.6601      24.898667       0.14516
   4     917.9        0.7680        0.0115       25.2504       25.2619      24.493967       0.14365
   3     941.7        0.7761        0.0116       24.8570       24.8686      24.092444       0.14252
   2     965.5        0.7865        0.0117       24.4729       24.4846      23.698115       0.13997
   1     989.2        0.7998        0.0119       24.1007       24.1125      23.312721       0.13677
   0    1013.0        0.8175        0.0120       23.7435       23.7555      22.937929       0.13306



 Wavenumbers:  6150. -  7700. cm-1, ATM      1
 LEVEL PRESSURE   UPWARD FLUX   DIFDOWN FLUX  DIRDOWN FLUX  DOWNWARD FLUX   NET FLUX    HEATING RATE
          mb          W/m2          W/m2          W/m2        W/m2          W/m2       degree/day
  60   .000300        1.1273        0.0000       90.2495       90.2495      89.122135       0.00000
  59    0.1000        1.1273        0.0000       90.2488       90.2488      89.121475       0.05585
  58    0.1403        1.1273        0.0000       90.2485       90.2485      89.121208       0.05594
  57    0.1968        1.1273        0.0000       90.2481       90.2482      89.120831       0.05628
  56    0.2760        1.1273        0.0000       90.2476       90.2476      89.120307       0.05583
  55    0.3871        1.1273        0.0000       90.2468       90.2469      89.119569       0.05609
  54    0.5430        1.1273        0.0001       90.2458       90.2458      89.118537       0.05584
  53    0.7617        1.1273        0.0001       90.2443       90.2444      89.117093       0.05571
  52     1.069        1.1272        0.0001       90.2422       90.2423      89.115057       0.05603
  51     1.499        1.1272        0.0002       90.2393       90.2394      89.112231       0.05541
  50     2.102        1.1271        0.0002       90.2352       90.2354      89.108326       0.05460
  49     2.949        1.1270        0.0003       90.2295       90.2298      89.102808       0.05501
  48     4.137        1.1269        0.0004       90.2216       90.2220      89.095111       0.05469
  47     5.803        1.1267        0.0006       90.2106       90.2112      89.084438       0.05407
  46     8.139        1.1265        0.0009       90.1953       90.1962      89.069665       0.05335
  45     11.42        1.1262        0.0012       90.1742       90.1755      89.049293       0.05245
  44     16.01        1.1257        0.0017       90.1454       90.1471      89.021389       0.05122
  43     22.46        1.1250        0.0024       90.1060       90.1084      88.983375       0.04974
  42     31.51        1.1241        0.0034       90.0528       90.0562      88.932062       0.04787
  41     44.20        1.1228        0.0047       89.9816       89.9863      88.863442       0.04564
  40     62.00        1.1210        0.0066       89.8880       89.8946      88.773554       0.04262
  39     85.78        1.1186        0.0091       89.7714       89.7805      88.661911       0.03963
  38     109.5        1.1161        0.0116       89.6609       89.6725      88.556357       0.03747
  37     133.1        1.1138        0.0141       89.5600       89.5740      88.460260       0.03451
  36     156.8        1.1115        0.0164       89.4618       89.4782      88.366710       0.03317
  35     180.6        1.1090        0.0189       89.3365       89.3554      88.246408       0.04271
  34     202.8        1.1067        0.0213       89.1392       89.1605      88.053822       0.07312
  33     228.4        1.1044        0.0237       88.7888       88.8125      87.708196       0.11403
  32     252.2        1.1020        0.0260       88.2721       88.2981      87.196036       0.18180
  31     276.0        1.0998        0.0281       87.5394       87.5675      86.467690       0.25853
  30     299.8        1.0976        0.0300       86.4669       86.4969      85.399324       0.37923
  29     323.5        1.0955        0.0317       85.0400       85.0717      83.976206       0.50515
  28     347.3        1.0935        0.0333       83.3694       83.4027      82.309171       0.59173
  27     371.1        1.0917        0.0347       81.6366       81.6713      80.579603       0.61393
  26     394.9        1.0899        0.0359       79.8198       79.8557      78.765783       0.64383
  25     418.6        1.0883        0.0370       77.9223       77.9593      76.870921       0.67260
  24     442.4        1.0869        0.0379       75.9026       75.9404      74.853568       0.71608
  23     466.2        1.0856        0.0386       73.8061       73.8447      72.759141       0.74344
  22     489.9        1.0844        0.0393       71.7034       71.7427      70.658229       0.74574
  21     513.7        1.0835        0.0399       69.5792       69.6191      68.535580       0.75345
  20     537.5        1.0828        0.0403       67.4802       67.5205      66.437680       0.74467
  19     561.3        1.0824        0.0407       65.4156       65.4563      64.373882       0.73256
  18     585.0        1.0823        0.0410       63.3821       63.4231      62.340830       0.72165
  17     608.8        1.0825        0.0413       61.4470       61.4883      60.405791       0.68686
  16     632.6        1.0830        0.0416       59.6082       59.6498      58.566743       0.65279
  15     656.4        1.0840        0.0418       57.8031       57.8449      56.760899       0.64100
  14     680.1        1.0855        0.0419       56.0489       56.0908      55.005342       0.62315
  13     703.9        1.0876        0.0420       54.3509       54.3930      53.305311       0.60344
  12     727.7        1.0906        0.0421       52.6814       52.7235      51.632912       0.59363
  11     751.5        1.0946        0.0421       51.0194       51.0615      49.966857       0.59138
  10     775.2        1.1000        0.0420       49.3885       49.4304      48.330453       0.58086
   9     799.0        1.1070        0.0418       47.7954       47.8372      46.730254       0.56800
   8     822.8        1.1158        0.0416       46.2564       46.2980      45.182152       0.54951
   7     846.6        1.1263        0.0416       44.8633       44.9048      43.778523       0.49823
   6     870.4        1.1386        0.0415       43.5988       43.6403      42.501733       0.45321
   5     894.1        1.1530        0.0415       42.4393       42.4808      41.327837       0.41668
   4     917.9        1.1704        0.0415       41.3529       41.3944      40.224025       0.39181
   3     941.7        1.1917        0.0415       40.3254       40.3670      39.175289       0.37226
   2     965.5        1.2181        0.0416       39.3545       39.3961      38.178008       0.35399
   1     989.2        1.2514        0.0416       38.4346       38.4762      37.224833       0.33827
   0    1013.0        1.2947        0.0416       37.5599       37.6016      36.306881       0.32590



 Wavenumbers:  7700. -  8050. cm-1, ATM      1
 LEVEL PRESSURE   UPWARD FLUX   DIFDOWN FLUX  DIRDOWN FLUX  DOWNWARD FLUX   NET FLUX    HEATING RATE
          mb          W/m2          W/m2          W/m2        W/m2          W/m2       degree/day
  60   .000300        0.6306        0.0000       21.3286       21.3286      20.698050       0.00000
  59    0.1000        0.6306        0.0000       21.3285       21.3285      20.697886       0.01392
  58    0.1403        0.6306        0.0000       21.3284       21.3284      20.697819       0.01400
  57    0.1968        0.6306        0.0000       21.3283       21.3283      20.697724       0.01408
  56    0.2760        0.6306        0.0000       21.3282       21.3282      20.697593       0.01396
  55    0.3871        0.6306        0.0000       21.3280       21.3280      20.697409       0.01403
  54    0.5430        0.6306        0.0000       21.3277       21.3277      20.697151       0.01397
  53    0.7617        0.6306        0.0000       21.3273       21.3274      20.696789       0.01394
  52     1.069        0.6306        0.0000       21.3268       21.3269      20.696279       0.01404
  51     1.499        0.6306        0.0001       21.3261       21.3262      20.695569       0.01391
  50     2.102        0.6306        0.0001       21.3251       21.3252      20.694586       0.01375
  49     2.949        0.6306        0.0001       21.3237       21.3238      20.693190       0.01391
  48     4.137        0.6306        0.0002       21.3216       21.3218      20.691232       0.01392
  47     5.803        0.6306        0.0002       21.3188       21.3191      20.688494       0.01387
  46     8.139        0.6306        0.0003       21.3149       21.3153      20.684665       0.01383
  45     11.42        0.6306        0.0005       21.3094       21.3099      20.679305       0.01380
  44     16.01        0.6306        0.0007       21.3017       21.3024      20.671814       0.01375
  43     22.46        0.6306        0.0009       21.2910       21.2919      20.661334       0.01371
  42     31.51        0.6306        0.0013       21.2760       21.2773      20.646682       0.01367
  41     44.20        0.6306        0.0019       21.2550       21.2568      20.626181       0.01363
  40     62.00        0.6307        0.0026       21.2258       21.2284      20.597762       0.01347
  39     85.78        0.6307        0.0036       21.1873       21.1908      20.560133       0.01336
  38     109.5        0.6308        0.0046       21.1484       21.1530      20.522242       0.01345
  37     133.1        0.6308        0.0055       21.1114       21.1169      20.486074       0.01299
  36     156.8        0.6309        0.0065       21.0756       21.0821      20.451169       0.01238
  35     180.6        0.6310        0.0074       21.0379       21.0454      20.414394       0.01306
  34     202.8        0.6311        0.0084       21.0019       21.0103      20.379262       0.01334
  33     228.4        0.6312        0.0094       20.9655       20.9749      20.343674       0.01174
  32     252.2        0.6313        0.0103       20.9292       20.9395      20.308217       0.01259
  31     276.0        0.6314        0.0113       20.8935       20.9048      20.273348       0.01238
  30     299.8        0.6316        0.0122       20.8577       20.8699      20.238346       0.01242
  29     323.5        0.6317        0.0131       20.8219       20.8350      20.203316       0.01243
  28     347.3        0.6319        0.0141       20.7864       20.8005      20.168575       0.01233
  27     371.1        0.6321        0.0150       20.7513       20.7663      20.134203       0.01220
  26     394.9        0.6323        0.0159       20.7156       20.7315      20.099193       0.01243
  25     418.6        0.6326        0.0169       20.6797       20.6966      20.064015       0.01249
  24     442.4        0.6329        0.0178       20.6436       20.6614      20.028526       0.01260
  23     466.2        0.6332        0.0187       20.6071       20.6258      19.992577       0.01276
  22     489.9        0.6335        0.0196       20.5705       20.5901      19.956544       0.01279
  21     513.7        0.6339        0.0205       20.5331       20.5536      19.919677       0.01309
  20     537.5        0.6344        0.0214       20.4953       20.5168      19.882388       0.01324
  19     561.3        0.6349        0.0223       20.4571       20.4794      19.844511       0.01344
  18     585.0        0.6354        0.0232       20.4173       20.4405      19.805116       0.01398
  17     608.8        0.6360        0.0241       20.3770       20.4011      19.765076       0.01421
  16     632.6        0.6367        0.0249       20.3360       20.3610      19.724256       0.01449
  15     656.4        0.6375        0.0258       20.2932       20.3190      19.681510       0.01517
  14     680.1        0.6383        0.0267       20.2489       20.2756      19.637309       0.01569
  13     703.9        0.6393        0.0275       20.2031       20.2306      19.591386       0.01630
  12     727.7        0.6403        0.0284       20.1547       20.1831      19.542756       0.01726
  11     751.5        0.6416        0.0292       20.1031       20.1323      19.490747       0.01846
  10     775.2        0.6430        0.0300       20.0485       20.0785      19.435494       0.01961
   9     799.0        0.6446        0.0308       19.9904       20.0212      19.376576       0.02091
   8     822.8        0.6465        0.0316       19.9282       19.9598      19.313301       0.02246
   7     846.6        0.6485        0.0324       19.8642       19.8965      19.248046       0.02316
   6     870.4        0.6507        0.0332       19.7987       19.8319      19.181207       0.02372
   5     894.1        0.6530        0.0339       19.7318       19.7657      19.112706       0.02431
   4     917.9        0.6556        0.0347       19.6625       19.6972      19.041622       0.02523
   3     941.7        0.6584        0.0354       19.5907       19.6261      18.967729       0.02623
   2     965.5        0.6614        0.0361       19.5167       19.5528      18.891399       0.02709
   1     989.2        0.6648        0.0368       19.4406       19.4774      18.812615       0.02796
   0    1013.0        0.6684        0.0375       19.3622       19.3997      18.731294       0.02887



 Wavenumbers:  8050. - 12850. cm-1, ATM      1
 LEVEL PRESSURE   UPWARD FLUX   DIFDOWN FLUX  DIRDOWN FLUX  DOWNWARD FLUX   NET FLUX    HEATING RATE
          mb          W/m2          W/m2          W/m2        W/m2          W/m2       degree/day
  60   .000300        8.6211        0.0000      298.6167      298.6167     289.995526       0.00000
  59    0.1000        8.6210        0.0002      298.6163      298.6165     289.995526       0.00000
  58    0.1403        8.6209        0.0003      298.6161      298.6164     289.995526      -0.00000
  57    0.1968        8.6208        0.0004      298.6159      298.6163     289.995526       0.00000
  56    0.2760        8.6206        0.0006      298.6156      298.6161     289.995526       0.00000
  55    0.3871        8.6204        0.0008      298.6151      298.6159     289.995526       0.00000
  54    0.5430        8.6201        0.0011      298.6145      298.6156     289.995526       0.00000
  53    0.7617        8.6197        0.0016      298.6137      298.6152     289.995526       0.00000
  52     1.069        8.6191        0.0022      298.6124      298.6146     289.995526       0.00000
  51     1.499        8.6183        0.0031      298.6107      298.6138     289.995526       0.00000
  50     2.102        8.6172        0.0043      298.6084      298.6127     289.995526       0.00000
  49     2.949        8.6156        0.0061      298.6050      298.6111     289.995526       0.00000
  48     4.137        8.6133        0.0085      298.6003      298.6088     289.995526      -0.00000
  47     5.803        8.6102        0.0119      298.5938      298.6057     289.995526       0.00000
  46     8.139        8.6058        0.0167      298.5846      298.6013     289.995526       0.00000
  45     11.42        8.5996        0.0234      298.5717      298.5951     289.995526      -0.00000
  44     16.01        8.5909        0.0327      298.5537      298.5865     289.995526       0.00000
  43     22.46        8.5788        0.0459      298.5284      298.5743     289.995526       0.00000
  42     31.51        8.5618        0.0643      298.4930      298.5573     289.995526      -0.00000
  41     44.20        8.5379        0.0902      298.4432      298.5334     289.995526      -0.00000
  40     62.00        8.5045        0.1263      298.3737      298.5000     289.995526       0.00000
  39     85.78        8.4598        0.1746      298.2808      298.4554     289.995526      -0.00000
  38     109.5        8.4145        0.2236      298.1737      298.3973     289.982747       0.00454
  37     133.1        8.3708        0.2708      298.0706      298.3413     289.970471       0.00441
  36     156.8        8.3283        0.3167      297.9695      298.2861     289.957826       0.00448
  35     180.6        8.2830        0.3655      297.8572      298.2227     289.939666       0.00645
  34     202.8        8.2395        0.4124      297.7317      298.1441     289.904688       0.01328
  33     228.4        8.1950        0.4603      297.5610      298.0212     289.826234       0.02589
  32     252.2        8.1505        0.5081      297.3213      297.8295     289.678991       0.05227
  31     276.0        8.1066        0.5552      296.9840      297.5392     289.432655       0.08744
  30     299.8        8.0625        0.6024      296.5093      297.1117     289.049208       0.13611
  29     323.5        8.0186        0.6493      295.8909      296.5402     288.521620       0.18727
  28     347.3        7.9754        0.6954      295.1449      295.8404     287.864941       0.23309
  27     371.1        7.9332        0.7405      294.3109      295.0515     287.118297       0.26503
  26     394.9        7.8908        0.7857      293.3559      294.1417     286.250859       0.30790
  25     418.6        7.8491        0.8302      292.2776      293.1077     285.258612       0.35221
  24     442.4        7.8082        0.8739      291.0482      291.9221     284.113908       0.40632
  23     466.2        7.7678        0.9169      289.6717      290.5886     282.820826       0.45899
  22     489.9        7.7287        0.9586      288.1649      289.1235     281.394837       0.50617
  21     513.7        7.6904        0.9997      286.4956      287.4952     279.804857       0.56438
  20     537.5        7.6536        1.0393      284.6785      285.7178     278.064270       0.61784
  19     561.3        7.6184        1.0776      282.7095      283.7871     276.168694       0.67285
  18     585.0        7.5841        1.1154      280.5750      281.6903     274.106237       0.73209
  17     608.8        7.5517        1.1518      278.3429      279.4948     271.943070       0.76784
  16     632.6        7.5213        1.1870      276.0189      277.2059     269.684650       0.80165
  15     656.4        7.4927        1.2214      273.5279      274.7493     267.256614       0.86185
  14     680.1        7.4671        1.2543      270.8921      272.1463     264.679245       0.91486
  13     703.9        7.4448        1.2854      268.1224      269.4079     261.963004       0.96415
  12     727.7        7.4263        1.3153      265.1817      266.4970     259.070703       1.02665
  11     751.5        7.4127        1.3436      262.0291      263.3726     255.959920       1.10420
  10     775.2        7.4054        1.3697      258.7044      260.0741     252.668657       1.16826
   9     799.0        7.4058        1.3937      255.2137      256.6074     249.201656       1.23064
   8     822.8        7.4142        1.4163      251.5933      253.0096     245.595356       1.28009
   7     846.6        7.4292        1.4385      248.0794      249.5179     242.088722       1.24471
   6     870.4        7.4514        1.4602      244.6762      246.1363     238.684933       1.20820
   5     894.1        7.4820        1.4813      241.3790      242.8603     235.378336       1.17371
   4     917.9        7.5231        1.5020      238.1342      239.6362     232.113059       1.15904
   3     941.7        7.5778        1.5221      234.9249      236.4471     228.869216       1.15143
   2     965.5        7.6492        1.5414      231.7806      233.3221     225.672860       1.13457
   1     989.2        7.7420        1.5600      228.7007      230.2607     222.518656       1.11938
   0    1013.0        7.8634        1.5778      225.6872      227.2650     219.401656       1.10664



 Wavenumbers: 12850. - 16000. cm-1, ATM      1
 LEVEL PRESSURE   UPWARD FLUX   DIFDOWN FLUX  DIRDOWN FLUX  DOWNWARD FLUX   NET FLUX    HEATING RATE
          mb          W/m2          W/m2          W/m2        W/m2          W/m2       degree/day
  60   .000300       11.3495        0.0000      187.1097      187.1097     175.760217       0.00000
  59    0.1000       11.3492        0.0005      187.1020      187.1025     175.753329       0.58308
  58    0.1403       11.3490        0.0006      187.0989      187.0995     175.750504       0.59158
  57    0.1968       11.3488        0.0009      187.0945      187.0953     175.746513       0.59606
  56    0.2760       11.3486        0.0012      187.0883      187.0895     175.740967       0.59098
  55    0.3871       11.3483        0.0018      187.0797      187.0815     175.733236       0.58722
  54    0.5430       11.3478        0.0025      187.0680      187.0704     175.722621       0.57459
  53    0.7617       11.3473        0.0034      187.0518      187.0552     175.707936       0.56669
  52     1.069       11.3466        0.0048      187.0292      187.0340     175.687442       0.56372
  51     1.499       11.3459        0.0068      186.9983      187.0051     175.659184       0.55420
  50     2.102       11.3453        0.0095      186.9552      186.9646     175.619336       0.55713
  49     2.949       11.3452        0.0133      186.8920      186.9053     175.560081       0.59067
  48     4.137       11.3461        0.0186      186.8005      186.8192     175.473011       0.61872
  47     5.803       11.3482        0.0261      186.6738      186.6999     175.351687       0.61461
  46     8.139       11.3507        0.0365      186.5076      186.5441     175.193331       0.57191
  45     11.42       11.3527        0.0511      186.2980      186.3491     174.996372       0.50710
  44     16.01       11.3529        0.0714      186.0356      186.1070     174.754155       0.44459
  43     22.46       11.3496        0.0999      185.7078      185.8077     174.458059       0.38745
  42     31.51       11.3390        0.1396      185.3154      185.4551     174.116026       0.31907
  41     44.20       11.3144        0.1954      184.8715      185.0669     173.752566       0.24172
  40     62.00       11.2697        0.2729      184.3688      184.6417     173.372050       0.18041
  39     85.78       11.1971        0.3763      183.8474      184.2237     173.026547       0.12264
  38     109.5       11.1186        0.4814      183.4066      183.8880     172.769411       0.09127
  37     133.1       11.0407        0.5823      183.0158      183.5981     172.557415       0.07613
  36     156.8       10.9637        0.6802      182.6564      183.3366     172.372930       0.06542
  35     180.6       10.8801        0.7840      182.2950      183.0791     172.198997       0.06175
  34     202.8       10.7980        0.8838      181.9635      182.8472     172.049251       0.05686
  33     228.4       10.7134        0.9852      181.6310      182.6162     171.902786       0.04832
  32     252.2       10.6282        1.0867      181.2988      182.3854     171.757278       0.05165
  31     276.0       10.5434        1.1867      180.9704      182.1571     171.613691       0.05097
  30     299.8       10.4576        1.2872      180.6369      181.9241     171.466422       0.05227
  29     323.5       10.3716        1.3876      180.2971      181.6847     171.313134       0.05441
  28     347.3       10.2863        1.4869      179.9535      181.4403     171.154021       0.05648
  27     371.1       10.2021        1.5845      179.6069      181.1915     170.989319       0.05846
  26     394.9       10.1169        1.6832      179.2475      180.9307     170.813780       0.06231
  25     418.6       10.0320        1.7813      178.8789      180.6602     170.628147       0.06589
  24     442.4        9.9475        1.8789      178.4994      180.3782     170.430696       0.07009
  23     466.2        9.8631        1.9763      178.1077      180.0840     170.220868       0.07448
  22     489.9        9.7801        2.0721      177.7081      179.7802     170.000176       0.07834
  21     513.7        9.6970        2.1680      177.2912      179.4592     169.762162       0.08449
  20     537.5        9.6154        2.2624      176.8608      179.1232     169.507796       0.09029
  19     561.3        9.5352        2.3554      176.4144      178.7697     169.234560       0.09699
  18     585.0        9.4547        2.4490      175.9424      178.3914     168.936718       0.10572
  17     608.8        9.3756        2.5410      175.4596      178.0006     168.624927       0.11067
  16     632.6        9.2982        2.6313      174.9647      177.5960     168.297764       0.11613
  15     656.4        9.2210        2.7218      174.4431      177.1648     167.943844       0.12563
  14     680.1        9.1459        2.8103      173.8993      176.7096     167.563778       0.13491
  13     703.9        9.0731        2.8969      173.3301      176.2270     167.153985       0.14546
  12     727.7        9.0018        2.9827      172.7223      175.7050     166.703134       0.16003
  11     751.5        8.9327        3.0675      172.0704      175.1378     166.205156       0.17676
  10     775.2        8.8670        3.1500      171.3772      174.5272     165.660258       0.19342
   9     799.0        8.8052        3.2300      170.6388      173.8689     165.063663       0.21177
   8     822.8        8.7465        3.3091      169.8503      173.1594     164.412854       0.23101
   7     846.6        8.6905        3.3868      169.0499      172.4367     163.746249       0.23662
   6     870.4        8.6376        3.4630      168.2439      171.7069     163.069377       0.24026
   5     894.1        8.5879        3.5377      167.4322      170.9699     162.381996       0.24399
   4     917.9        8.5415        3.6115      166.6071      170.2186     161.677137       0.25020
   3     941.7        8.4990        3.6842      165.7666      169.4508     160.951811       0.25746
   2     965.5        8.4615        3.7552      164.9185      168.6737     160.212195       0.26253
   1     989.2        8.4294        3.8245      164.0631      167.8876     159.458178       0.26759
   0    1013.0        8.4035        3.8921      163.2024      167.0945     158.690980       0.27238



 Wavenumbers: 16000. - 22650. cm-1, ATM      1
 LEVEL PRESSURE   UPWARD FLUX   DIFDOWN FLUX  DIRDOWN FLUX  DOWNWARD FLUX   NET FLUX    HEATING RATE
          mb          W/m2          W/m2          W/m2        W/m2          W/m2       degree/day
  60   .000300       34.6305        0.0000      298.3258      298.3258     263.695302       0.00000
  59    0.1000       34.6287        0.0026      298.3206      298.3232     263.694479       0.06962
  58    0.1403       34.6281        0.0036      298.3183      298.3219     263.693821       0.13799
  57    0.1968       34.6272        0.0051      298.3147      298.3198     263.692629       0.17802
  56    0.2760       34.6260        0.0071      298.3094      298.3166     263.690533       0.22331
  55    0.3871       34.6245        0.0100      298.3015      298.3115     263.687000       0.26839
  54    0.5430       34.6224        0.0140      298.2895      298.3035     263.681075       0.32070
  53    0.7617       34.6199        0.0197      298.2709      298.2905     263.670622       0.40339
  52     1.069       34.6169        0.0276      298.2411      298.2688     263.651829       0.51693
  51     1.499       34.6139        0.0387      298.1934      298.2321     263.618187       0.65980
  50     2.102       34.6118        0.0540      298.1147      298.1687     263.556813       0.85809
  49     2.949       34.6129        0.0757      297.9798      298.0555     263.442588       1.13862
  48     4.137       34.6199        0.1062      297.7596      297.8658     263.245874       1.39786
  47     5.803       34.6334        0.1487      297.4300      297.5787     262.945252       1.52290
  46     8.139       34.6510        0.2081      296.9785      297.1865     262.535577       1.47957
  45     11.42       34.6670        0.2910      296.3974      296.6884     262.021452       1.32369
  44     16.01       34.6760        0.4068      295.6652      296.0719     261.395989       1.14805
  43     22.46       34.6699        0.5685      294.7497      295.3182     260.648234       0.97846
  42     31.51       34.6293        0.7943      293.6552      294.4495     259.820161       0.77248
  41     44.20       34.5206        1.1101      292.4169      293.5270     259.006424       0.54117
  40     62.00       34.3142        1.5485      291.0033      292.5518     258.237603       0.36451
  39     85.78       33.9703        2.1308      289.5018      291.6325     257.662195       0.20425
  38     109.5       33.5830        2.7188      288.1935      290.9123     257.329298       0.11816
  37     133.1       33.1992        3.2806      286.9937      290.2743     257.075070       0.09130
  36     156.8       32.8195        3.8234      285.8607      289.6841     256.864582       0.07464
  35     180.6       32.4078        4.3964      284.7001      289.0964     256.688607       0.06247
  34     202.8       32.0038        4.9445      283.6242      288.5688     256.565001       0.04693
  33     228.4       31.5872        5.4999      282.5498      288.0497     256.462497       0.03382
  32     252.2       31.1664        6.0529      281.4879      287.5408     256.374402       0.03127
  31     276.0       30.7473        6.5958      280.4531      287.0489     256.301574       0.02585
  30     299.8       30.3223        7.1392      279.4224      286.5616     256.239318       0.02210
  29     323.5       29.8945        7.6801      278.3963      286.0764     256.181925       0.02037
  28     347.3       29.4687        8.2126      277.3850      285.5975     256.128810       0.01885
  27     371.1       29.0467        8.7347      276.3919      285.1266     256.079887       0.01737
  26     394.9       28.6172        9.2605      275.3895      284.6501     256.032836       0.01670
  25     418.6       28.1873        9.7815      274.3932      284.1746     255.987320       0.01616
  24     442.4       27.7564       10.2984      273.4007      283.6991     255.942698       0.01584
  23     466.2       27.3229       10.8130      272.4087      283.2217     255.898753       0.01560
  22     489.9       26.8930       11.3182      271.4304      282.7487     255.855622       0.01531
  21     513.7       26.4593       11.8229      270.4481      282.2711     255.811764       0.01557
  20     537.5       26.0284       12.3195      269.4760      281.7954     255.766997       0.01589
  19     561.3       25.5997       12.8086      268.5118      281.3204     255.720748       0.01642
  18     585.0       25.1638       13.3011      267.5345      280.8356     255.671773       0.01738
  17     608.8       24.7311       13.7853      266.5667      280.3521     255.620985       0.01803
  16     632.6       24.3013       14.2615      265.6079      279.8694     255.568033       0.01880
  15     656.4       23.8658       14.7393      264.6374      279.3767     255.510903       0.02028
  14     680.1       23.4332       15.2094      263.6731      278.8825     255.449274       0.02188
  13     703.9       23.0036       15.6718      262.7140      278.3858     255.382159       0.02382
  12     727.7       22.5705       16.1334      261.7443      277.8778     255.307249       0.02659
  11     751.5       22.1341       16.5942      260.7621      277.3563     255.222213       0.03018
  10     775.2       21.6998       17.0483      259.7779      276.8263     255.126447       0.03399
   9     799.0       21.2679       17.4958      258.7905      276.2863     255.018455       0.03833
   8     822.8       20.8312       17.9438      257.7849      275.7287     254.897530       0.04292
   7     846.6       20.3945       18.3873      256.7780      275.1653     254.770799       0.04498
   6     870.4       19.9601       18.8239      255.7756      274.5995     254.639421       0.04663
   5     894.1       19.5279       19.2538      254.7780      274.0318     254.503934       0.04809
   4     917.9       19.0933       19.6817      253.7739      273.4555     254.362286       0.05028
   3     941.7       18.6577       20.1061      252.7658      272.8719     254.214262       0.05254
   2     965.5       18.2244       20.5239      251.7615      272.2854     254.061012       0.05440
   1     989.2       17.7934       20.9351      250.7612      271.6964     253.902959       0.05609
   0    1013.0       17.3648       21.3399      249.7651      271.1051     253.740326       0.05774



 Wavenumbers: 22650. - 29000. cm-1, ATM      1
 LEVEL PRESSURE   UPWARD FLUX   DIFDOWN FLUX  DIRDOWN FLUX  DOWNWARD FLUX   NET FLUX    HEATING RATE
          mb          W/m2          W/m2          W/m2        W/m2          W/m2       degree/day
  60   .000300       25.4337        0.0000      112.5773      112.5773      87.143631       0.00000
  59    0.1000       25.4319        0.0033      112.5723      112.5755      87.143631      -0.00000
  58    0.1403       25.4312        0.0046      112.5702      112.5748      87.143631       0.00000
  57    0.1968       25.4302        0.0065      112.5674      112.5739      87.143631       0.00000
  56    0.2760       25.4288        0.0091      112.5634      112.5725      87.143631       0.00000
  55    0.3871       25.4269        0.0128      112.5578      112.5705      87.143631       0.00000
  54    0.5430       25.4242        0.0179      112.5499      112.5678      87.143631      -0.00000
  53    0.7617       25.4204        0.0251      112.5389      112.5640      87.143631       0.00000
  52     1.069       25.4150        0.0353      112.5234      112.5586      87.143631      -0.00000
  51     1.499       25.4075        0.0494      112.5018      112.5512      87.143631      -0.00000
  50     2.102       25.3972        0.0689      112.4719      112.5408      87.143631       0.00000
  49     2.949       25.3825        0.0967      112.4294      112.5261      87.143631       0.00000
  48     4.137       25.3619        0.1356      112.3699      112.5055      87.143631      -0.00000
  47     5.803       25.3330        0.1900      112.2866      112.4766      87.143631       0.00000
  46     8.139       25.2925        0.2660      112.1702      112.4362      87.143631      -0.00000
  45     11.42       25.2358        0.3722      112.0072      112.3795      87.143631       0.00000
  44     16.01       25.1564        0.5205      111.7796      112.3000      87.143631       0.00000
  43     22.46       25.0448        0.7274      111.4611      112.1885      87.143631      -0.00000
  42     31.51       24.8881        1.0158      111.0159      112.0317      87.143631       0.00000
  41     44.20       24.6673        1.4175      110.3934      111.8109      87.143631       0.00000
  40     62.00       24.3581        1.9707      109.5311      111.5018      87.143631       0.00000
  39     85.78       23.9434        2.6968      108.3902      111.0870      87.143631       0.00000
  38     109.5       23.5196        3.4200      107.2431      110.6632      87.143631       0.00000
  37     133.1       23.1094        4.1024      106.1506      110.2530      87.143631      -0.00000
  36     156.8       22.7082        4.7536      105.0982      109.8519      87.143631       0.00000
  35     180.6       22.2796        5.4321      103.9912      109.4232      87.143631      -0.00000
  34     202.8       21.8648        6.0721      102.9362      109.0084      87.143631       0.00000
  33     228.4       21.4394        6.7118      101.8712      108.5830      87.143631       0.00000
  32     252.2       21.0106        7.3401      100.8142      108.1543      87.143631      -0.00000
  31     276.0       20.5847        7.9482       99.7801      107.7283      87.143631       0.00000
  30     299.8       20.1531        8.5484       98.7483      107.2967      87.143631       0.00000
  29     323.5       19.7183        9.1373       97.7246      106.8619      87.143631      -0.00000
  28     347.3       19.2850        9.7087       96.7200      106.4287      87.143631       0.00000
  27     371.1       18.8550       10.2609       95.7378      105.9987      87.143631       0.00000
  26     394.9       18.4168       10.8089       94.7515      105.5604      87.143631       0.00000
  25     418.6       17.9773       11.3437       93.7772      105.1209      87.143631       0.00000
  24     442.4       17.5358       11.8664       92.8131      104.6795      87.143631      -0.00000
  23     466.2       17.0910       12.3787       91.8560      104.2346      87.143631      -0.00000
  22     489.9       16.6489       12.8738       90.9187      103.7926      87.143631       0.00000
  21     513.7       16.2019       13.3607       89.9849      103.3456      87.143631       0.00000
  20     537.5       15.7568       13.8320       89.0685      102.9005      87.143631      -0.00000
  19     561.3       15.3129       14.2889       88.1676      102.4565      87.143631       0.00000
  18     585.0       14.8605       14.7413       87.2628      102.0041      87.143631       0.00000
  17     608.8       14.4102       15.1787       86.3751      101.5538      87.143631      -0.00000
  16     632.6       13.9619       15.6016       85.5039      101.1055      87.143631       0.00000
  15     656.4       13.5064       16.0188       84.6312      100.6500      87.143631      -0.00000
  14     680.1       13.0526       16.4220       83.7742      100.1962      87.143631       0.00000
  13     703.9       12.6005       16.8118       82.9323       99.7441      87.143631      -0.00000
  12     727.7       12.1432       17.1942       82.0926       99.2869      87.143631       0.00000
  11     751.5       11.6807       17.5691       81.2552       98.8243      87.143631       0.00000
  10     775.2       11.2184       17.9320       80.4300       98.3621      87.143631      -0.00000
   9     799.0       10.7565       18.2832       79.6169       97.9001      87.143631      -0.00000
   8     822.8       10.2875       18.6283       78.8028       97.4311      87.143631       0.00000
   7     846.6        9.8170       18.9632       77.9974       96.9606      87.143631       0.00000
   6     870.4        9.3474       19.2862       77.2048       96.4911      87.143631      -0.00000
   5     894.1        8.8789       19.5977       76.4248       96.0225      87.143631       0.00000
   4     917.9        8.4061       19.9012       75.6486       95.5498      87.143631      -0.00000
   3     941.7        7.9308       20.1957       74.8787       95.0744      87.143631       0.00000
   2     965.5        7.4563       20.4791       74.1208       94.5999      87.143631      -0.00000
   1     989.2        6.9828       20.7517       73.3747       94.1264      87.143631       0.00000
   0    1013.0        6.5103       21.0138       72.6401       93.6539      87.143631       0.00000



 Wavenumbers: 29000. - 38000. cm-1, ATM      1
 LEVEL PRESSURE   UPWARD FLUX   DIFDOWN FLUX  DIRDOWN FLUX  DOWNWARD FLUX   NET FLUX    HEATING RATE
          mb          W/m2          W/m2          W/m2        W/m2          W/m2       degree/day
  60   .000300        6.5574        0.0000       39.6994       39.6994      33.142049       0.00000
  59    0.1000        6.5556        0.0028       39.6628       39.6656      33.109966       2.71570
  58    0.1403        6.5549        0.0039       39.6353       39.6392      33.084302       5.37431
  57    0.1968        6.5541        0.0055       39.5867       39.5921      33.038065       6.90614
  56    0.2760        6.5530        0.0076       39.5028       39.5105      32.957454       8.58952
  55    0.3871        6.5516        0.0106       39.3647       39.3754      32.823716      10.15873
  54    0.5430        6.5500        0.0148       39.1410       39.1557      32.605761      11.79827
  53    0.7617        6.5482        0.0203       38.7677       38.7880      32.239840      14.12010
  52     1.069        6.5466        0.0277       38.1581       38.1858      31.639213      16.52145
  51     1.499        6.5460        0.0372       37.2293       37.2665      30.720546      18.01710
  50     2.102        6.5482        0.0491       35.9259       35.9750      29.426811      18.08817
  49     2.949        6.5566        0.0645       34.2975       34.3621      27.805489      16.16179
  48     4.137        6.5755        0.0849       32.5872       32.6721      26.096614      12.14335
  47     5.803        6.6076        0.1119       30.9529       31.0648      24.457232       8.30481
  46     8.139        6.6529        0.1485       29.4538       29.6023      22.949384       5.44569
  45     11.42        6.7100        0.1982       28.1045       28.3027      21.592672       3.49304
  44     16.01        6.7799        0.2655       26.8593       27.1248      20.344920       2.29027
  43     22.46        6.8651        0.3569       25.6771       26.0340      19.168929       1.53883
  42     31.51        6.9581        0.4817       24.5752       25.0569      18.098826       0.99826
  41     44.20        7.0366        0.6547       23.5790       24.2337      17.197080       0.59970
  40     62.00        7.0859        0.8910       22.6300       23.5210      16.435066       0.36128
  39     85.78        7.0616        1.2028       21.7651       22.9679      15.906326       0.18768
  38     109.5        6.9818        1.5127       21.0818       22.5946      15.612801       0.10419
  37     133.1        6.8912        1.7989       20.4851       22.2840      15.392826       0.07900
  36     156.8        6.7960        2.0669       19.9422       22.0091      15.213096       0.06373
  35     180.6        6.6837        2.3418       19.4057       21.7475      15.063834       0.05299
  34     202.8        6.5640        2.5984       18.9250       21.5234      14.959457       0.03963
  33     228.4        6.4355        2.8508       18.4580       21.3088      14.873250       0.02844
  32     252.2        6.3024        3.0940       18.0079       21.1019      14.799498       0.02618
  31     276.0        6.1664        3.3253       17.5800       20.9054      14.738976       0.02148
  30     299.8        6.0255        3.5495       17.1638       20.7133      14.687868       0.01814
  29     323.5        5.8818        3.7647       16.7587       20.5234      14.641571       0.01643
  28     347.3        5.7373        3.9688       16.3682       20.3370      14.599696       0.01486
  27     371.1        5.5925        4.1616       15.9931       20.1547      14.562254       0.01329
  26     394.9        5.4436        4.3486       15.6227       19.9713      14.527637       0.01229
  25     418.6        5.2934        4.5265       15.2625       19.7890      14.495630       0.01136
  24     442.4        5.1416        4.6960       14.9115       19.6075      14.465933       0.01054
  23     466.2        4.9876        4.8578       14.5684       19.4261      14.438486       0.00974
  22     489.9        4.8338        5.0099       14.2373       19.2472      14.413423       0.00890
  21     513.7        4.6775        5.1552       13.9122       19.0674      14.389933       0.00834
  20     537.5        4.5212        5.2916       13.5976       18.8892      14.368018       0.00778
  19     561.3        4.3647        5.4197       13.2926       18.7122      14.347509       0.00728
  18     585.0        4.2047        5.5423       12.9902       18.5325      14.327801       0.00700
  17     608.8        4.0449        5.6566       12.6975       18.3542      14.309245       0.00659
  16     632.6        3.8854        5.7631       12.4141       18.1771      14.291750       0.00621
  15     656.4        3.7228        5.8640       12.1337       17.9977      14.274907       0.00598
  14     680.1        3.5604        5.9574       11.8620       17.8194      14.258998       0.00565
  13     703.9        3.3982        6.0437       11.5985       17.6422      14.243957       0.00534
  12     727.7        3.2337        6.1242       11.3390       17.4633      14.229520       0.00512
  11     751.5        3.0670        6.1992       11.0835       17.2827      14.215676       0.00491
  10     775.2        2.9000        6.2676       10.8349       17.1026      14.202564       0.00465
   9     799.0        2.7328        6.3298       10.5931       16.9229      14.190142       0.00441
   8     822.8        2.5627        6.3868       10.3540       16.7408      14.178147       0.00426
   7     846.6        2.3917        6.4379       10.1204       16.5583      14.166640       0.00408
   6     870.4        2.2208        6.4830        9.8934       16.3765      14.155658       0.00390
   5     894.1        2.0500        6.5224        9.6727       16.1951      14.145167       0.00372
   4     917.9        1.8774        6.5566        9.4558       16.0124      14.135043       0.00359
   3     941.7        1.7035        6.5855        9.2434       15.8288      14.125303       0.00346
   2     965.5        1.5298        6.6091        9.0368       15.6458      14.116012       0.00330
   1     989.2        1.3562        6.6275        8.8359       15.4634      14.107146       0.00315
   0    1013.0        1.1827        6.6410        8.6405       15.2814      14.098687       0.00300



 Wavenumbers: 38000. - 50000. cm-1, ATM      1
 LEVEL PRESSURE   UPWARD FLUX   DIFDOWN FLUX  DIRDOWN FLUX  DOWNWARD FLUX   NET FLUX    HEATING RATE
          mb          W/m2          W/m2          W/m2        W/m2          W/m2       degree/day
  60   .000300        0.0075        0.0000        2.4486        2.4486       2.441093       0.00000
  59    0.1000        0.0070        0.0006        2.4277        2.4283       2.421251       1.67954
  58    0.1403        0.0068        0.0009        2.4125        2.4133       2.406504       3.08822
  57    0.1968        0.0066        0.0012        2.3859        2.3871       2.380516       3.88164
  56    0.2760        0.0062        0.0016        2.3408        2.3424       2.336183       4.72387
  55    0.3871        0.0058        0.0022        2.2680        2.2701       2.264309       5.45955
  54    0.5430        0.0053        0.0028        2.1531        2.1559       2.150670       6.15149
  53    0.7617        0.0046        0.0035        1.9699        1.9734       1.968797       7.01809
  52     1.069        0.0038        0.0040        1.6910        1.6949       1.691117       7.63814
  51     1.499        0.0030        0.0040        1.3146        1.3185       1.315539       7.36591
  50     2.102        0.0022        0.0035        0.8878        0.8912       0.889010       5.96345
  49     2.949        0.0016        0.0027        0.5184        0.5211       0.519542       3.68296
  48     4.137        0.0012        0.0020        0.2894        0.2915       0.290298       1.62902
  47     5.803        0.0008        0.0016        0.1622        0.1638       0.162916       0.64529
  46     8.139        0.0006        0.0012        0.0922        0.0933       0.092740       0.25345
  45     11.42        0.0004        0.0009        0.0528        0.0537       0.053327       0.10147
  44     16.01        0.0003        0.0006        0.0288        0.0294       0.029156       0.04437
  43     22.46        0.0002        0.0004        0.0141        0.0144       0.014279       0.01947
  42     31.51        0.0001        0.0002        0.0061        0.0063       0.006174       0.00756
  41     44.20        0.0000        0.0001        0.0023        0.0024       0.002367       0.00253
  40     62.00        0.0000        0.0000        0.0007        0.0008       0.000761       0.00076
  39     85.78        0.0000        0.0000        0.0002        0.0002       0.000209       0.00020
  38     109.5        0.0000        0.0000        0.0001        0.0001       0.000062       0.00005
  37     133.1        0.0000        0.0000        0.0000        0.0000       0.000020       0.00002
  36     156.8        0.0000        0.0000        0.0000        0.0000       0.000006       0.00000
  35     180.6        0.0000        0.0000        0.0000        0.0000       0.000002       0.00000
  34     202.8        0.0000        0.0000        0.0000        0.0000       0.000001       0.00000
  33     228.4        0.0000        0.0000        0.0000        0.0000       0.000000       0.00000
  32     252.2        0.0000        0.0000        0.0000        0.0000       0.000000       0.00000
  31     276.0        0.0000        0.0000        0.0000        0.0000       0.000000       0.00000
  30     299.8        0.0000        0.0000        0.0000        0.0000       0.000000       0.00000
  29     323.5        0.0000        0.0000        0.0000        0.0000       0.000000       0.00000
  28     347.3        0.0000        0.0000        0.0000        0.0000       0.000000       0.00000
  27     371.1        0.0000        0.0000        0.0000        0.0000       0.000000       0.00000
  26     394.9        0.0000        0.0000        0.0000        0.0000       0.000000       0.00000
  25     418.6        0.0000        0.0000        0.0000        0.0000       0.000000       0.00000
  24     442.4        0.0000        0.0000        0.0000        0.0000       0.000000       0.00000
  23     466.2        0.0000        0.0000        0.0000        0.0000       0.000000       0.00000
  22     489.9        0.0000        0.0000        0.0000        0.0000       0.000000       0.00000
  21     513.7        0.0000        0.0000        0.0000        0.0000       0.000000       0.00000
  20     537.5        0.0000        0.0000        0.0000        0.0000       0.000000       0.00000
  19     561.3        0.0000        0.0000        0.0000        0.0000       0.000000       0.00000
  18     585.0        0.0000        0.0000        0.0000        0.0000       0.000000       0.00000
  17     608.8        0.0000        0.0000        0.0000        0.0000       0.000000       0.00000
  16     632.6        0.0000        0.0000        0.0000        0.0000       0.000000       0.00000
  15     656.4        0.0000        0.0000        0.0000        0.0000       0.000000       0.00000
  14     680.1        0.0000        0.0000        0.0000        0.0000       0.000000       0.00000
  13     703.9        0.0000        0.0000        0.0000        0.0000       0.000000       0.00000
  12     727.7        0.0000        0.0000        0.0000        0.0000       0.000000       0.00000
  11     751.5        0.0000        0.0000        0.0000        0.0000       0.000000       0.00000
  10     775.2        0.0000        0.0000        0.0000        0.0000       0.000000       0.00000
   9     799.0        0.0000        0.0000        0.0000        0.0000       0.000000       0.00000
   8     822.8        0.0000        0.0000        0.0000        0.0000       0.000000       0.00000
   7     846.6        0.0000        0.0000        0.0000        0.0000       0.000000       0.00000
   6     870.4        0.0000        0.0000        0.0000        0.0000       0.000000       0.00000
   5     894.1        0.0000        0.0000        0.0000        0.0000       0.000000       0.00000
   4     917.9        0.0000        0.0000        0.0000        0.0000       0.000000       0.00000
   3     941.7        0.0000        0.0000        0.0000        0.0000       0.000000       0.00000
   2     965.5        0.0000        0.0000        0.0000        0.0000       0.000000       0.00000
   1     989.2        0.0000        0.0000        0.0000        0.0000       0.000000       0.00000
   0    1013.0        0.0000        0.0000        0.0000        0.0000       0.000000       0.00000



 Wavenumbers:   820. -  2600. cm-1, ATM      1
 LEVEL PRESSURE   UPWARD FLUX   DIFDOWN FLUX  DIRDOWN FLUX  DOWNWARD FLUX   NET FLUX    HEATING RATE
          mb          W/m2          W/m2          W/m2        W/m2          W/m2       degree/day
  60   .000300        0.0633        0.0000       11.4544       11.4544      11.391095       0.00000
  59    0.1000        0.0633        0.0000       11.4425       11.4425      11.379177       1.00874
  58    0.1403        0.0633        0.0000       11.4401       11.4401      11.376789       0.50008
  57    0.1968        0.0633        0.0000       11.4368       11.4368      11.373495       0.49199
  56    0.2760        0.0633        0.0000       11.4325       11.4325      11.369202       0.45745
  55    0.3871        0.0633        0.0000       11.4271       11.4271      11.363766       0.41295
  54    0.5430        0.0633        0.0000       11.4203       11.4203      11.356985       0.36704
  53    0.7617        0.0633        0.0000       11.4113       11.4113      11.348064       0.34427
  52     1.069        0.0633        0.0000       11.3990       11.3990      11.335697       0.34016
  51     1.499        0.0633        0.0000       11.3820       11.3820      11.318765       0.33209
  50     2.102        0.0633        0.0000       11.3590       11.3590      11.295715       0.32226
  49     2.949        0.0633        0.0000       11.3270       11.3270      11.263744       0.31870
  48     4.137        0.0633        0.0000       11.2834       11.2834      11.220126       0.30996
  47     5.803        0.0633        0.0000       11.2256       11.2256      11.162290       0.29298
  46     8.139        0.0633        0.0000       11.1506       11.1506      11.087305       0.27082
  45     11.42        0.0633        0.0000       11.0536       11.0536      10.990292       0.24977
  44     16.01        0.0633        0.0000       10.9327       10.9327      10.869424       0.22185
  43     22.46        0.0633        0.0000       10.8020       10.8020      10.738695       0.17106
  42     31.51        0.0633        0.0000       10.6887       10.6887      10.625400       0.10569
  41     44.20        0.0633        0.0000       10.6014       10.6014      10.538131       0.05804
  40     62.00        0.0633        0.0000       10.5127       10.5128      10.449466       0.04204
  39     85.78        0.0633        0.0000       10.4012       10.4012      10.337948       0.03958
  38     109.5        0.0633        0.0000       10.2898       10.2898      10.226549       0.03954
  37     133.1        0.0633        0.0000       10.1836       10.1836      10.120281       0.03816
  36     156.8        0.0633        0.0000       10.0820       10.0820      10.018725       0.03601
  35     180.6        0.0633        0.0000        9.9677        9.9677       9.904395       0.04059
  34     202.8        0.0633        0.0000        9.8296        9.8296       9.766267       0.05244
  33     228.4        0.0633        0.0000        9.6480        9.6480       9.584676       0.05991
  32     252.2        0.0633        0.0000        9.4140        9.4140       9.350666       0.08306
  31     276.0        0.0633        0.0000        9.1467        9.1467       9.083383       0.09487
  30     299.8        0.0634        0.0000        8.8520        8.8521       8.788712       0.10460
  29     323.5        0.0634        0.0000        8.5705        8.5706       8.507174       0.09993
  28     347.3        0.0634        0.0000        8.2971        8.2971       8.233679       0.09708
  27     371.1        0.0635        0.0000        8.0121        8.0122       7.948672       0.10117
  26     394.9        0.0636        0.0000        7.6933        7.6934       7.629814       0.11318
  25     418.6        0.0636        0.0000        7.3573        7.3573       7.293712       0.11930
  24     442.4        0.0637        0.0000        7.0257        7.0257       6.961991       0.11775
  23     466.2        0.0638        0.0000        6.7286        6.7286       6.664751       0.10551
  22     489.9        0.0640        0.0000        6.4808        6.4808       6.416830       0.08800
  21     513.7        0.0641        0.0000        6.2785        6.2785       6.214361       0.07187
  20     537.5        0.0643        0.0000        6.1173        6.1173       6.053018       0.05727
  19     561.3        0.0645        0.0000        5.9828        5.9828       5.918260       0.04783
  18     585.0        0.0648        0.0000        5.8597        5.8598       5.794958       0.04377
  17     608.8        0.0651        0.0000        5.7407        5.7407       5.675585       0.04237
  16     632.6        0.0655        0.0000        5.6195        5.6195       5.554041       0.04314
  15     656.4        0.0660        0.0000        5.4905        5.4905       5.424540       0.04597
  14     680.1        0.0665        0.0000        5.3542        5.3543       5.287784       0.04854
  13     703.9        0.0671        0.0000        5.2124        5.2125       5.145332       0.05056
  12     727.7        0.0680        0.0000        5.0634        5.0635       4.995525       0.05318
  11     751.5        0.0690        0.0000        4.9056        4.9056       4.836581       0.05642
  10     775.2        0.0704        0.0000        4.7416        4.7416       4.671241       0.05869
   9     799.0        0.0721        0.0000        4.5724        4.5725       4.500361       0.06066
   8     822.8        0.0743        0.0000        4.4007        4.4007       4.326425       0.06174
   7     846.6        0.0767        0.0000        4.2392        4.2392       4.162478       0.05819
   6     870.4        0.0796        0.0000        4.0866        4.0866       4.007059       0.05517
   5     894.1        0.0828        0.0000        3.9396        3.9397       3.856888       0.05330
   4     917.9        0.0865        0.0000        3.7947        3.7947       3.708218       0.05277
   3     941.7        0.0909        0.0000        3.6496        3.6496       3.558703       0.05307
   2     965.5        0.0962        0.0000        3.5039        3.5039       3.407754       0.05358
   1     989.2        0.1025        0.0000        3.3573        3.3573       3.254762       0.05429
   0    1013.0        0.1104        0.0000        3.2096        3.2096       3.099208       0.05523

  Modules and versions used in this calculation:

       rrtmg_sw.1col.f90:  $Revision$                    rrtmg_sw_init.f90:  $Revision$        
     rrtmgsw_cldprop.f90:  $Revision$                  rrtmgsw_cldprmc.f90:  NOT USED          
     rrtmg_sw_reftra.f90:  $Revision$                  rrtmg_sw_spcvrt.f90:  NOT USED          
     rrtmg_sw_spcvmc.f90:  NOT USED                    rrtmgsw_setcoef.f90:  NOT USED          
     rrtmg_sw_taumol.f90:  $Revision$                  rrtmg_sw_vrtqdr.f90:  NOT USED          
                rrtatm.f:  NOT USED                             util_xxx.f:  NOT USED          
                 extra.f:  NOT USED                       rrtmg_sw_k_g.f90:  $Revision$        

