

 Wavenumbers:   820. - 50000. cm-1, ATM      1
 LEVEL PRESSURE   UPWARD FLUX   DIFDOWN FLUX  DIRDOWN FLUX  DOWNWARD FLUX   NET FLUX    HEATING RATE
          mb          W/m2          W/m2          W/m2        W/m2          W/m2       degree/day
  60   .000300      572.3522        0.0000      837.8224      837.8224     265.470226       0.00000
  59    0.1000      572.3500        0.0132      837.7137      837.7269     265.376970       7.89369
  58    0.1403      572.3495        0.0186      837.6563      837.6749     265.325387      10.80197
  57    0.1968      572.3493        0.0261      837.5614      837.5875     265.238166      13.02781
  56    0.2760      572.3496        0.0365      837.4070      837.4435     265.093898      15.37241
  55    0.3871      572.3509        0.0510      837.1641      837.2151     264.864177      17.44957
  54    0.5430      572.3542        0.0711      836.7876      836.8588     264.504581      19.46559
  53    0.7617      572.3619        0.0988      836.1942      836.2930     263.931076      22.13029
  52     1.069      572.3785        0.1369      835.2926      835.4295     263.051007      24.20806
  51     1.499      572.4121        0.1884      834.0471      834.2355     261.823415      24.07582
  50     2.102      572.4790        0.2582      832.4995      832.7577     260.278736      21.59670
  49     2.949      572.6105        0.3559      830.7483      831.1042     258.493670      17.79404
  48     4.137      572.8442        0.4919      828.8944      829.3863     256.542066      13.86820
  47     5.803      573.2068        0.6809      826.9459      827.6268     254.420028      10.74986
  46     8.139      573.7038        0.9441      824.8978      825.8419     252.138080       8.24140
  45     11.42      574.3284        1.3107      822.7006      824.0113     249.682846       6.32134
  44     16.01      575.0894        1.8207      820.2525      822.0732     246.983804       4.95413
  43     22.46      576.0016        2.5312      817.4463      819.9775     243.975940       3.93590
  42     31.51      577.0082        3.5213      814.2518      817.7730     240.764818       2.99554
  41     44.20      577.9731        4.9038      810.6480      815.5518     237.578721       2.11888
  40     62.00      578.8399        6.8170      806.4553      813.2724     234.432508       1.49167
  39     85.78      579.3826        9.3494      801.7674      811.1168     231.734117       0.95782
  38     109.5      579.6091       11.8969      797.4817      809.3786     229.769487       0.69736
  37     133.1      579.7373       14.3168      793.5510      807.8678     228.130477       0.58859
  36     156.8      579.8148       16.6414      789.8548      806.4962     226.681405       0.51384
  35     180.6      579.8316       19.0828      786.0084      805.0912     225.259571       0.50478
  34     202.8      579.7840       21.4066      782.2124      803.6190     223.835007       0.54088
  33     228.4      579.7061       23.7485      778.0467      801.7953     222.089176       0.57602
  32     252.2      579.6137       26.0682      773.4741      799.5423     219.928590       0.76692
  31     276.0      579.5102       28.3336      768.4389      796.7725     217.262364       0.94640
  30     299.8      579.4019       30.5898      762.7642      793.3540     213.952102       1.17501
  29     323.5      579.3026       32.8235      756.6288      789.4522     210.149613       1.34973
  28     347.3      579.2196       35.0109      750.2254      785.2363     206.016787       1.46698
  27     371.1      579.1551       37.1454      743.7251      780.8705     201.715459       1.52679
  26     394.9      579.1140       39.2844      736.8957      776.1802     197.066201       1.65029
  25     418.6      579.1047       41.3930      729.8721      771.2652     192.160444       1.74134
  24     442.4      579.1351       43.4751      722.6783      766.1533     187.018276       1.82526
  23     466.2      579.2092       45.5380      715.4381      760.9761     181.766866       1.86403
  22     489.9      579.3355       47.5541      708.2772      755.8313     176.495802       1.87101
  21     513.7      579.5293       49.5586      701.0441      750.6027     171.073389       1.92473
  20     537.5      579.8032       51.5214      693.8325      745.3539     165.550702       1.96033
  19     561.3      580.1727       53.4465      686.6319      740.0784     159.905781       2.00371
  18     585.0      580.6561       55.3760      679.3701      734.7461     154.090013       2.06436
  17     608.8      581.2547       57.2646      672.2525      729.5171     148.262361       2.06858
  16     632.6      581.9881       59.1138      665.2624      724.3762     142.388132       2.08511
  15     656.4      582.9130       60.9618      658.1915      719.1533     136.240220       2.18226
  14     680.1      584.0700       62.7714      651.1209      713.8923     129.822373       2.27807
  13     703.9      585.5130       64.5437      644.0582      708.6018     123.088859       2.39012
  12     727.7      587.3517       66.3054      636.8758      703.1812     115.829515       2.57677
  11     751.5      589.7486       68.0555      629.4911      697.5466     107.797960       2.85087
  10     775.2      592.8718       69.7724      621.9804      691.7528      98.881012       3.16515
   9     799.0      597.0133       71.4562      614.3441      685.8003      88.786994       3.58296
   8     822.8      420.2627      489.7584       10.4553      500.2137      79.951017       3.13641
   7     846.6      277.1869      351.9018        0.1780      352.0798      74.892924       1.79541
   6     870.4      140.6314      212.7672        0.0030      212.7702      72.138809       0.97760
   5     894.1        6.9287       77.9269        0.0001       77.9269      70.998267       0.40485
   4     917.9        6.7998       77.3823        0.0001       77.3824      70.582603       0.14754
   3     941.7        6.6724       76.8350        0.0001       76.8351      70.162649       0.14907
   2     965.5        6.5479       76.2888        0.0000       76.2889      69.740936       0.14969
   1     989.2        6.4266       75.7442        0.0000       75.7442      69.317594       0.15024
   0    1013.0        6.3089       75.2013        0.0000       75.2014      68.892465       0.15094



 Wavenumbers:  2600. -  3250. cm-1, ATM      1
 LEVEL PRESSURE   UPWARD FLUX   DIFDOWN FLUX  DIRDOWN FLUX  DOWNWARD FLUX   NET FLUX    HEATING RATE
          mb          W/m2          W/m2          W/m2        W/m2          W/m2       degree/day
  60   .000300        2.6198        0.0000        7.3841        7.3841       4.764318       0.00000
  59    0.1000        2.6198        0.0000        7.3840        7.3840       4.764245       0.00613
  58    0.1403        2.6198        0.0000        7.3840        7.3840       4.764216       0.00614
  57    0.1968        2.6198        0.0000        7.3839        7.3839       4.764175       0.00616
  56    0.2760        2.6198        0.0000        7.3839        7.3839       4.764117       0.00613
  55    0.3871        2.6198        0.0000        7.3838        7.3838       4.764033       0.00642
  54    0.5430        2.6198        0.0000        7.3837        7.3837       4.763907       0.00678
  53    0.7617        2.6198        0.0000        7.3835        7.3835       4.763710       0.00761
  52     1.069        2.6198        0.0000        7.3831        7.3831       4.763380       0.00908
  51     1.499        2.6198        0.0000        7.3825        7.3825       4.762772       0.01193
  50     2.102        2.6198        0.0000        7.3814        7.3814       4.761683       0.01523
  49     2.949        2.6198        0.0000        7.3795        7.3795       4.759797       0.01880
  48     4.137        2.6198        0.0000        7.3765        7.3765       4.756783       0.02142
  47     5.803        2.6198        0.0000        7.3721        7.3721       4.752351       0.02245
  46     8.139        2.6198        0.0000        7.3661        7.3661       4.746342       0.02170
  45     11.42        2.6198        0.0000        7.3586        7.3586       4.738833       0.01933
  44     16.01        2.6198        0.0000        7.3500        7.3500       4.730251       0.01575
  43     22.46        2.6198        0.0000        7.3407        7.3407       4.720924       0.01221
  42     31.51        2.6198        0.0000        7.3297        7.3297       4.709936       0.01025
  41     44.20        2.6199        0.0000        7.3134        7.3134       4.693538       0.01091
  40     62.00        2.6200        0.0000        7.2860        7.2860       4.666034       0.01304
  39     85.78        2.6202        0.0000        7.2438        7.2439       4.623659       0.01504
  38     109.5        2.6205        0.0001        7.1969        7.1970       4.576420       0.01677
  37     133.1        2.6209        0.0001        7.1517        7.1518       4.530899       0.01635
  36     156.8        2.6213        0.0001        7.1092        7.1093       4.487976       0.01522
  35     180.6        2.6219        0.0001        7.0662        7.0663       4.444422       0.01546
  34     202.8        2.6225        0.0001        7.0262        7.0263       4.403741       0.01545
  33     228.4        2.6235        0.0001        6.9846        6.9847       4.361283       0.01401
  32     252.2        2.6248        0.0001        6.9407        6.9408       4.315997       0.01607
  31     276.0        2.6265        0.0001        6.8941        6.8943       4.267718       0.01714
  30     299.8        2.6288        0.0001        6.8424        6.8426       4.213748       0.01916
  29     323.5        2.6318        0.0001        6.7849        6.7851       4.153274       0.02147
  28     347.3        2.6355        0.0002        6.7206        6.7208       4.085226       0.02415
  27     371.1        2.6401        0.0002        6.6496        6.6497       4.009652       0.02683
  26     394.9        2.6457        0.0002        6.5676        6.5678       3.922037       0.03110
  25     418.6        2.6525        0.0002        6.4741        6.4743       3.821789       0.03558
  24     442.4        2.6607        0.0002        6.3671        6.3673       3.706599       0.04089
  23     466.2        2.6704        0.0002        6.2486        6.2488       3.578311       0.04554
  22     489.9        2.6818        0.0002        6.1205        6.1207       3.438875       0.04949
  21     513.7        2.6954        0.0002        5.9812        5.9814       3.285976       0.05427
  20     537.5        2.7116        0.0002        5.8338        5.8340       3.122466       0.05804
  19     561.3        2.7306        0.0002        5.6819        5.6821       2.951521       0.06068
  18     585.0        2.7530        0.0002        5.5274        5.5277       2.774690       0.06277
  17     608.8        2.7787        0.0002        5.3761        5.3763       2.597612       0.06286
  16     632.6        2.8083        0.0002        5.2281        5.2283       2.420026       0.06304
  15     656.4        2.8436        0.0002        5.0791        5.0793       2.235682       0.06543
  14     680.1        2.8857        0.0002        4.9299        4.9301       2.044358       0.06791
  13     703.9        2.9363        0.0002        4.7798        4.7800       1.843713       0.07122
  12     727.7        2.9987        0.0002        4.6253        4.6255       1.626798       0.07700
  11     751.5        3.0780        0.0002        4.4633        4.4635       1.385522       0.08564
  10     775.2        3.1793        0.0002        4.2949        4.2951       1.115805       0.09574
   9     799.0        3.3115        0.0002        4.1205        4.1208       0.809290       0.10880
   8     822.8        2.0287        2.5051        0.0680        2.5731       0.544365       0.09404
   7     846.6        1.2165        1.6148        0.0011        1.6159       0.399379       0.05146
   6     870.4        0.5771        0.9012        0.0000        0.9012       0.324118       0.02671
   5     894.1        0.0141        0.3081        0.0000        0.3081       0.293997       0.01069
   4     917.9        0.0144        0.2978        0.0000        0.2978       0.283342       0.00378
   3     941.7        0.0148        0.2876        0.0000        0.2876       0.272771       0.00375
   2     965.5        0.0152        0.2775        0.0000        0.2775       0.262289       0.00372
   1     989.2        0.0157        0.2676        0.0000        0.2676       0.251908       0.00368
   0    1013.0        0.0163        0.2579        0.0000        0.2579       0.241624       0.00365



 Wavenumbers:  3250. -  4000. cm-1, ATM      1
 LEVEL PRESSURE   UPWARD FLUX   DIFDOWN FLUX  DIRDOWN FLUX  DOWNWARD FLUX   NET FLUX    HEATING RATE
          mb          W/m2          W/m2          W/m2        W/m2          W/m2       degree/day
  60   .000300        0.0437        0.0000       12.4485       12.4485      12.404765       0.00000
  59    0.1000        0.0437        0.0000       12.4290       12.4290      12.385262       1.65079
  58    0.1403        0.0437        0.0000       12.4252       12.4252      12.381548       0.77776
  57    0.1968        0.0437        0.0000       12.4208       12.4208      12.377076       0.66803
  56    0.2760        0.0437        0.0000       12.4156       12.4156      12.371913       0.55013
  55    0.3871        0.0437        0.0000       12.4096       12.4096      12.365880       0.45825
  54    0.5430        0.0437        0.0000       12.4022       12.4022      12.358552       0.39669
  53    0.7617        0.0437        0.0000       12.3928       12.3928      12.349091       0.36506
  52     1.069        0.0437        0.0000       12.3807       12.3807      12.337051       0.33119
  51     1.499        0.0437        0.0000       12.3664       12.3664      12.322693       0.28159
  50     2.102        0.0437        0.0000       12.3498       12.3498      12.306060       0.23256
  49     2.949        0.0437        0.0000       12.3302       12.3302      12.286525       0.19473
  48     4.137        0.0437        0.0000       12.3067       12.3068      12.263060       0.16675
  47     5.803        0.0437        0.0000       12.2766       12.2766      12.232942       0.15257
  46     8.139        0.0437        0.0000       12.2347       12.2348      12.191074       0.15121
  45     11.42        0.0437        0.0000       12.1733       12.1733      12.129660       0.15812
  44     16.01        0.0437        0.0000       12.0830       12.0830      12.039349       0.16577
  43     22.46        0.0437        0.0000       11.9527       11.9527      11.909059       0.17049
  42     31.51        0.0437        0.0000       11.7748       11.7748      11.731174       0.16594
  41     44.20        0.0436        0.0001       11.5551       11.5552      11.511537       0.14607
  40     62.00        0.0436        0.0001       11.3050       11.3051      11.261469       0.11856
  39     85.78        0.0436        0.0001       11.0142       11.0143      10.970681       0.10322
  38     109.5        0.0436        0.0001       10.7175       10.7176      10.674060       0.10529
  37     133.1        0.0435        0.0002       10.4459       10.4460      10.402513       0.09752
  36     156.8        0.0435        0.0002       10.1944       10.1946      10.151124       0.08914
  35     180.6        0.0435        0.0002        9.9218        9.9220       9.878564       0.09676
  34     202.8        0.0435        0.0002        9.5970        9.5973       9.553791       0.12331
  33     228.4        0.0434        0.0002        9.1820        9.1823       9.138845       0.13691
  32     252.2        0.0434        0.0003        8.7004        8.7006       8.657185       0.17097
  31     276.0        0.0435        0.0003        8.1693        8.1695       8.126077       0.18852
  30     299.8        0.0435        0.0003        7.5886        7.5889       7.545364       0.20613
  29     323.5        0.0436        0.0003        6.9823        6.9825       6.938929       0.21526
  28     347.3        0.0438        0.0003        6.3629        6.3631       6.319353       0.21992
  27     371.1        0.0440        0.0002        5.7699        5.7701       5.726144       0.21056
  26     394.9        0.0443        0.0002        5.2041        5.2043       5.159968       0.20097
  25     418.6        0.0448        0.0002        4.6962        4.6964       4.651587       0.18045
  24     442.4        0.0454        0.0002        4.2409        4.2411       4.195674       0.16183
  23     466.2        0.0463        0.0002        3.8328        3.8330       3.786669       0.14518
  22     489.9        0.0474        0.0002        3.4648        3.4650       3.417645       0.13099
  21     513.7        0.0488        0.0002        3.1218        3.1220       3.073150       0.12228
  20     537.5        0.0507        0.0002        2.8040        2.8042       2.753462       0.11348
  19     561.3        0.0531        0.0002        2.5083        2.5084       2.455276       0.10584
  18     585.0        0.0563        0.0001        2.2301        2.2302       2.173921       0.09987
  17     608.8        0.0603        0.0001        1.9731        1.9732       1.912889       0.09266
  16     632.6        0.0654        0.0001        1.7337        1.7338       1.668403       0.08678
  15     656.4        0.0723        0.0001        1.5041        1.5042       1.431938       0.08394
  14     680.1        0.0815        0.0001        1.2888        1.2889       1.207344       0.07972
  13     703.9        0.0941        0.0001        1.0908        1.0909       0.996750       0.07475
  12     727.7        0.1121        0.0001        0.9082        0.9083       0.796178       0.07119
  11     751.5        0.1390        0.0001        0.7390        0.7391       0.600057       0.06961
  10     775.2        0.1806        0.0000        0.5856        0.5857       0.405040       0.06922
   9     799.0        0.2481        0.0000        0.4484        0.4484       0.200298       0.07268
   8     822.8        0.0653        0.1196        0.0057        0.1253       0.060031       0.04979
   7     846.6        0.0169        0.0334        0.0001        0.0334       0.016540       0.01544
   6     870.4        0.0039        0.0083        0.0000        0.0083       0.004380       0.00432
   5     894.1        0.0000        0.0015        0.0000        0.0015       0.001509       0.00102
   4     917.9        0.0000        0.0009        0.0000        0.0009       0.000881       0.00022
   3     941.7        0.0000        0.0005        0.0000        0.0005       0.000486       0.00014
   2     965.5        0.0000        0.0003        0.0000        0.0003       0.000253       0.00008
   1     989.2        0.0000        0.0001        0.0000        0.0001       0.000123       0.00005
   0    1013.0        0.0000        0.0001        0.0000        0.0001       0.000054       0.00002



 Wavenumbers:  4000. -  4650. cm-1, ATM      1
 LEVEL PRESSURE   UPWARD FLUX   DIFDOWN FLUX  DIRDOWN FLUX  DOWNWARD FLUX   NET FLUX    HEATING RATE
          mb          W/m2          W/m2          W/m2        W/m2          W/m2       degree/day
  60   .000300        8.7014        0.0000       14.6183       14.6183       5.916875       0.00000
  59    0.1000        8.7014        0.0000       14.6182       14.6182       5.916866       0.00076
  58    0.1403        8.7014        0.0000       14.6182       14.6182       5.916863       0.00077
  57    0.1968        8.7014        0.0000       14.6182       14.6182       5.916858       0.00077
  56    0.2760        8.7014        0.0000       14.6182       14.6182       5.916850       0.00077
  55    0.3871        8.7014        0.0000       14.6182       14.6182       5.916840       0.00080
  54    0.5430        8.7014        0.0000       14.6182       14.6182       5.916824       0.00085
  53    0.7617        8.7014        0.0000       14.6182       14.6182       5.916800       0.00095
  52     1.069        8.7014        0.0000       14.6181       14.6181       5.916758       0.00114
  51     1.499        8.7014        0.0000       14.6180       14.6181       5.916681       0.00152
  50     2.102        8.7014        0.0000       14.6179       14.6179       5.916539       0.00198
  49     2.949        8.7014        0.0000       14.6176       14.6177       5.916286       0.00253
  48     4.137        8.7014        0.0000       14.6172       14.6172       5.915856       0.00305
  47     5.803        8.7014        0.0000       14.6165       14.6165       5.915162       0.00352
  46     8.139        8.7014        0.0000       14.6154       14.6155       5.914076       0.00392
  45     11.42        8.7014        0.0001       14.6137       14.6138       5.912399       0.00432
  44     16.01        8.7014        0.0001       14.6112       14.6112       5.909855       0.00467
  43     22.46        8.7014        0.0001       14.6074       14.6075       5.906053       0.00497
  42     31.51        8.7015        0.0002       14.6017       14.6018       5.900353       0.00532
  41     44.20        8.7016        0.0002       14.5927       14.5929       5.891319       0.00601
  40     62.00        8.7019        0.0003       14.5788       14.5791       5.877229       0.00668
  39     85.78        8.7025        0.0005       14.5592       14.5597       5.857219       0.00710
  38     109.5        8.7033        0.0006       14.5382       14.5388       5.835419       0.00774
  37     133.1        8.7044        0.0007       14.5177       14.5184       5.814088       0.00766
  36     156.8        8.7055        0.0008       14.4977       14.4985       5.793007       0.00748
  35     180.6        8.7070        0.0010       14.4759       14.4769       5.769893       0.00821
  34     202.8        8.7087        0.0011       14.4536       14.4547       5.745982       0.00908
  33     228.4        8.7110        0.0012       14.4280       14.4293       5.718224       0.00916
  32     252.2        8.7140        0.0014       14.3983       14.3997       5.685681       0.01155
  31     276.0        8.7177        0.0015       14.3635       14.3650       5.647314       0.01362
  30     299.8        8.7225        0.0016       14.3217       14.3233       5.600792       0.01651
  29     323.5        8.7285        0.0017       14.2720       14.2738       5.545289       0.01970
  28     347.3        8.7359        0.0019       14.2129       14.2148       5.478890       0.02357
  27     371.1        8.7441        0.0020       14.1438       14.1457       5.401597       0.02744
  26     394.9        8.7536        0.0021       14.0605       14.0625       5.308984       0.03287
  25     418.6        8.7642        0.0022       13.9639       13.9661       5.201952       0.03799
  24     442.4        8.7762        0.0023       13.8548       13.8571       5.080862       0.04298
  23     466.2        8.7898        0.0024       13.7365       13.7389       4.949126       0.04676
  22     489.9        8.8051        0.0025       13.6136       13.6161       4.811018       0.04902
  21     513.7        8.8229        0.0026       13.4859       13.4886       4.665635       0.05161
  20     537.5        8.8435        0.0027       13.3568       13.3595       4.516036       0.05310
  19     561.3        8.8673        0.0028       13.2261       13.2289       4.361642       0.05480
  18     585.0        8.8954        0.0029       13.0915       13.0944       4.199077       0.05770
  17     608.8        8.9276        0.0030       12.9542       12.9572       4.029619       0.06015
  16     632.6        8.9648        0.0031       12.8109       12.8141       3.849266       0.06402
  15     656.4        9.0093        0.0032       12.6541       12.6573       3.647988       0.07145
  14     680.1        9.0626        0.0033       12.4832       12.4865       3.423891       0.07955
  13     703.9        9.1271        0.0034       12.2977       12.3011       3.174029       0.08869
  12     727.7        9.2073        0.0034       12.0950       12.0984       2.891124       0.10042
  11     751.5        9.3107        0.0035       11.8732       11.8767       2.566004       0.11540
  10     775.2        9.4456        0.0036       11.6374       11.6410       2.195332       0.13157
   9     799.0        9.6266        0.0036       11.3910       11.3946       1.768046       0.15167
   8     822.8        6.4293        7.6346        0.1920        7.8266       1.397285       0.13160
   7     846.6        4.1019        5.2909        0.0032        5.2941       1.192276       0.07277
   6     870.4        2.0248        3.1069        0.0001        3.1070       1.082182       0.03908
   5     894.1        0.0605        1.0971        0.0000        1.0971       1.036624       0.01617
   4     917.9        0.0610        1.0811        0.0000        1.0811       1.020060       0.00588
   3     941.7        0.0617        1.0649        0.0000        1.0649       1.003214       0.00598
   2     965.5        0.0624        1.0485        0.0000        1.0485       0.986127       0.00607
   1     989.2        0.0632        1.0320        0.0000        1.0320       0.968831       0.00614
   0    1013.0        0.0642        1.0155        0.0000        1.0155       0.951364       0.00620



 Wavenumbers:  4650. -  5150. cm-1, ATM      1
 LEVEL PRESSURE   UPWARD FLUX   DIFDOWN FLUX  DIRDOWN FLUX  DOWNWARD FLUX   NET FLUX    HEATING RATE
          mb          W/m2          W/m2          W/m2        W/m2          W/m2       degree/day
  60   .000300        6.3971        0.0000       13.8369       13.8369       7.439763       0.00000
  59    0.1000        6.3971        0.0000       13.8347       13.8347       7.437645       0.17929
  58    0.1403        6.3971        0.0000       13.8339       13.8339       7.436807       0.17564
  57    0.1968        6.3971        0.0000       13.8327       13.8327       7.435641       0.17409
  56    0.2760        6.3971        0.0000       13.8312       13.8312       7.434052       0.16936
  55    0.3871        6.3971        0.0000       13.8290       13.8290       7.431872       0.16558
  54    0.5430        6.3971        0.0000       13.8260       13.8260       7.428936       0.15891
  53    0.7617        6.3971        0.0000       13.8221       13.8221       7.425032       0.15066
  52     1.069        6.3971        0.0000       13.8170       13.8170       7.419879       0.14175
  51     1.499        6.3971        0.0000       13.8105       13.8105       7.413394       0.12718
  50     2.102        6.3971        0.0000       13.8026       13.8026       7.405522       0.11007
  49     2.949        6.3971        0.0000       13.7933       13.7933       7.396221       0.09271
  48     4.137        6.3971        0.0000       13.7830       13.7831       7.385973       0.07283
  47     5.803        6.3971        0.0000       13.7724       13.7724       7.375316       0.05398
  46     8.139        6.3971        0.0001       13.7615       13.7616       7.364472       0.03917
  45     11.42        6.3972        0.0001       13.7497       13.7498       7.352668       0.03039
  44     16.01        6.3972        0.0001       13.7347       13.7348       7.337577       0.02770
  43     22.46        6.3974        0.0002       13.7122       13.7123       7.314969       0.02958
  42     31.51        6.3976        0.0002       13.6758       13.6761       7.278441       0.03408
  41     44.20        6.3981        0.0003       13.6167       13.6171       7.218931       0.03958
  40     62.00        6.3991        0.0005       13.5244       13.5249       7.125816       0.04415
  39     85.78        6.4007        0.0007       13.3944       13.3951       6.994393       0.04665
  38     109.5        6.4028        0.0008       13.2650       13.2659       6.863094       0.04661
  37     133.1        6.4052        0.0010       13.1487       13.1498       6.744504       0.04259
  36     156.8        6.4081        0.0012       13.0449       13.0460       6.637904       0.03780
  35     180.6        6.4117        0.0013       12.9437       12.9450       6.533278       0.03714
  34     202.8        6.4158        0.0015       12.8534       12.8549       6.439153       0.03574
  33     228.4        6.4206        0.0017       12.7658       12.7675       6.346855       0.03045
  32     252.2        6.4263        0.0018       12.6801       12.6820       6.255694       0.03236
  31     276.0        6.4330        0.0020       12.5950       12.5970       6.164064       0.03252
  30     299.8        6.4412        0.0022       12.5053       12.5075       6.066278       0.03471
  29     323.5        6.4512        0.0023       12.4093       12.4116       5.960415       0.03758
  28     347.3        6.4628        0.0025       12.3075       12.3100       5.847180       0.04019
  27     371.1        6.4761        0.0026       12.1993       12.2019       5.725815       0.04308
  26     394.9        6.4917        0.0028       12.0815       12.0843       5.592625       0.04728
  25     418.6        6.5096        0.0029       11.9549       11.9578       5.448232       0.05125
  24     442.4        6.5300        0.0031       11.8185       11.8216       5.291628       0.05559
  23     466.2        6.5532        0.0032       11.6730       11.6762       5.123052       0.05984
  22     489.9        6.5792        0.0033       11.5203       11.5236       4.944427       0.06340
  21     513.7        6.6088        0.0035       11.3577       11.3611       4.752274       0.06821
  20     537.5        6.6423        0.0036       11.1878       11.1914       4.549142       0.07210
  19     561.3        6.6801        0.0037       11.0105       11.0142       4.334053       0.07635
  18     585.0        6.7234        0.0038       10.8249       10.8287       4.105263       0.08121
  17     608.8        6.7718        0.0039       10.6366       10.6405       3.868724       0.08396
  16     632.6        6.8260        0.0040       10.4463       10.4503       3.624314       0.08676
  15     656.4        6.8888        0.0041       10.2497       10.2538       3.364937       0.09207
  14     680.1        6.9605        0.0042       10.0509       10.0551       3.094585       0.09596
  13     703.9        7.0426        0.0043        9.8514        9.8556       2.813016       0.09995
  12     727.7        7.1391        0.0043        9.6483        9.6526       2.513582       0.10629
  11     751.5        7.2550        0.0044        9.4402        9.4446       2.189628       0.11499
  10     775.2        7.3947        0.0045        9.2294        9.2339       1.839157       0.12440
   9     799.0        7.5660        0.0045        9.0169        9.0214       1.455359       0.13623
   8     822.8        4.9802        5.9562        0.1518        6.1080       1.127856       0.11625
   7     846.6        3.1388        4.0722        0.0026        4.0747       0.935892       0.06814
   6     870.4        1.5376        2.3682        0.0000        2.3682       0.830642       0.03736
   5     894.1        0.0446        0.8320        0.0000        0.8320       0.787367       0.01536
   4     917.9        0.0451        0.8170        0.0000        0.8170       0.771885       0.00550
   3     941.7        0.0457        0.8022        0.0000        0.8022       0.756486       0.00547
   2     965.5        0.0464        0.7877        0.0000        0.7877       0.741252       0.00541
   1     989.2        0.0472        0.7733        0.0000        0.7733       0.726187       0.00535
   0    1013.0        0.0480        0.7593        0.0000        0.7593       0.711277       0.00529



 Wavenumbers:  5150. -  6150. cm-1, ATM      1
 LEVEL PRESSURE   UPWARD FLUX   DIFDOWN FLUX  DIRDOWN FLUX  DOWNWARD FLUX   NET FLUX    HEATING RATE
          mb          W/m2          W/m2          W/m2        W/m2          W/m2       degree/day
  60   .000300       14.8594        0.0000       34.6891       34.6891      19.829717       0.00000
  59    0.1000       14.8594        0.0000       34.6886       34.6886      19.829220       0.04206
  58    0.1403       14.8594        0.0000       34.6884       34.6884      19.829020       0.04199
  57    0.1968       14.8594        0.0000       34.6881       34.6881      19.828737       0.04215
  56    0.2760       14.8594        0.0000       34.6877       34.6877      19.828346       0.04172
  55    0.3871       14.8594        0.0000       34.6871       34.6872      19.827795       0.04182
  54    0.5430       14.8594        0.0000       34.6864       34.6864      19.827028       0.04153
  53    0.7617       14.8594        0.0000       34.6853       34.6853      19.825957       0.04134
  52     1.069       14.8594        0.0000       34.6838       34.6838      19.824447       0.04154
  51     1.499       14.8594        0.0001       34.6817       34.6817      19.822350       0.04112
  50     2.102       14.8594        0.0001       34.6787       34.6788      19.819449       0.04056
  49     2.949       14.8594        0.0001       34.6746       34.6747      19.815348       0.04088
  48     4.137       14.8594        0.0001       34.6689       34.6690      19.809638       0.04058
  47     5.803       14.8595        0.0002       34.6610       34.6612      19.801757       0.03992
  46     8.139       14.8596        0.0003       34.6502       34.6505      19.790948       0.03904
  45     11.42       14.8597        0.0004       34.6356       34.6359      19.776254       0.03783
  44     16.01       14.8599        0.0006       34.6159       34.6164      19.756532       0.03620
  43     22.46       14.8603        0.0008       34.5899       34.5907      19.730439       0.03414
  42     31.51       14.8608        0.0011       34.5564       34.5575      19.696678       0.03149
  41     44.20       14.8617        0.0015       34.5139       34.5155      19.653811       0.02851
  40     62.00       14.8631        0.0021       34.4619       34.4640      19.600933       0.02507
  39     85.78       14.8652        0.0030       34.4020       34.4050      19.539790       0.02170
  38     109.5       14.8674        0.0038       34.3491       34.3529      19.485507       0.01927
  37     133.1       14.8696        0.0046       34.3031       34.3077      19.438091       0.01703
  36     156.8       14.8718        0.0054       34.2595       34.2648      19.393033       0.01598
  35     180.6       14.8742        0.0062       34.2031       34.2092      19.335027       0.02059
  34     202.8       14.8766        0.0070       34.1091       34.1161      19.239498       0.03627
  33     228.4       14.8792        0.0077       33.9252       33.9329      19.053775       0.06128
  32     252.2       14.8819        0.0085       33.6087       33.6171      18.735186       0.11309
  31     276.0       14.8849        0.0092       33.1225       33.1317      18.246749       0.17338
  30     299.8       14.8884        0.0098       32.4763       32.4862      17.597708       0.23038
  29     323.5       14.8926        0.0104       31.7610       31.7714      16.878829       0.25517
  28     347.3       14.8975        0.0110       31.0137       31.0247      16.127218       0.26679
  27     371.1       14.9033        0.0115       30.2247       30.2362      15.332878       0.28196
  26     394.9       14.9104        0.0120       29.3520       29.3640      14.453574       0.31212
  25     418.6       14.9189        0.0124       28.4400       28.4524      13.533556       0.32657
  24     442.4       14.9291        0.0128       27.5194       27.5322      12.603121       0.33027
  23     466.2       14.9413        0.0132       26.6227       26.6360      11.694660       0.32247
  22     489.9       14.9559        0.0136       25.7669       25.7804      10.824558       0.30885
  21     513.7       14.9738        0.0139       24.9371       24.9510       9.977178       0.30078
  20     537.5       14.9957        0.0143       24.1537       24.1680       9.172338       0.28568
  19     561.3       15.0223        0.0146       23.4247       23.4393       8.417030       0.26810
  18     585.0       15.0550        0.0150       22.7500       22.7650       7.709990       0.25097
  17     608.8       15.0940        0.0153       22.1480       22.1633       7.069395       0.22738
  16     632.6       15.1405        0.0157       21.6116       21.6273       6.486778       0.20681
  15     656.4       15.1981        0.0160       21.1193       21.1354       5.937274       0.19505
  14     680.1       15.2691        0.0164       20.6722       20.6886       5.419436       0.18381
  13     703.9       15.3570        0.0167       20.2664       20.2831       4.926109       0.17511
  12     727.7       15.4685        0.0171       19.8884       19.9055       4.437009       0.17361
  11     751.5       15.6134        0.0175       19.5264       19.5439       3.930524       0.17978
  10     775.2       15.8031        0.0178       19.1765       19.1943       3.391258       0.19142
   9     799.0       16.0561        0.0181       18.8290       18.8471       2.790998       0.21307
   8     822.8       10.8734       12.8286        0.3184       13.1470       2.273521       0.18368
   7     846.6        7.0086        8.9942        0.0054        8.9996       1.990943       0.10030
   6     870.4        3.4876        5.3334        0.0001        5.3335       1.845934       0.05147
   5     894.1        0.1106        1.8992        0.0000        1.8992       1.788625       0.02034
   4     917.9        0.1111        1.8798        0.0000        1.8798       1.768682       0.00708
   3     941.7        0.1117        1.8608        0.0000        1.8608       1.749075       0.00696
   2     965.5        0.1124        1.8424        0.0000        1.8424       1.729946       0.00679
   1     989.2        0.1132        1.8245        0.0000        1.8245       1.711259       0.00663
   0    1013.0        0.1142        1.8071        0.0000        1.8071       1.692894       0.00652



 Wavenumbers:  6150. -  7700. cm-1, ATM      1
 LEVEL PRESSURE   UPWARD FLUX   DIFDOWN FLUX  DIRDOWN FLUX  DOWNWARD FLUX   NET FLUX    HEATING RATE
          mb          W/m2          W/m2          W/m2        W/m2          W/m2       degree/day
  60   .000300       23.4877        0.0000       64.1588       64.1588      40.671050       0.00000
  59    0.1000       23.4877        0.0000       64.1581       64.1581      40.670390       0.05584
  58    0.1403       23.4877        0.0000       64.1578       64.1578      40.670123       0.05593
  57    0.1968       23.4877        0.0000       64.1574       64.1575      40.669747       0.05625
  56    0.2760       23.4877        0.0000       64.1569       64.1569      40.669223       0.05580
  55    0.3871       23.4877        0.0001       64.1561       64.1562      40.668485       0.05604
  54    0.5430       23.4877        0.0001       64.1551       64.1551      40.667455       0.05578
  53    0.7617       23.4877        0.0001       64.1536       64.1537      40.666013       0.05562
  52     1.069       23.4876        0.0002       64.1515       64.1516      40.663981       0.05590
  51     1.499       23.4876        0.0002       64.1486       64.1488      40.661164       0.05525
  50     2.102       23.4876        0.0003       64.1446       64.1449      40.657276       0.05437
  49     2.949       23.4875        0.0004       64.1389       64.1393      40.651790       0.05468
  48     4.137       23.4874        0.0006       64.1310       64.1316      40.644158       0.05423
  47     5.803       23.4873        0.0008       64.1201       64.1209      40.633608       0.05344
  46     8.139       23.4872        0.0011       64.1051       64.1062      40.619073       0.05249
  45     11.42       23.4869        0.0016       64.0845       64.0861      40.599155       0.05128
  44     16.01       23.4866        0.0023       64.0565       64.0587      40.572103       0.04965
  43     22.46       23.4862        0.0032       64.0187       64.0219      40.535669       0.04767
  42     31.51       23.4856        0.0044       63.9683       63.9727      40.487152       0.04526
  41     44.20       23.4847        0.0062       63.9021       63.9083      40.423593       0.04227
  40     62.00       23.4836        0.0087       63.8170       63.8257      40.342133       0.03862
  39     85.78       23.4820        0.0120       63.7137       63.7257      40.243687       0.03494
  38     109.5       23.4805        0.0153       63.6174       63.6328      40.152305       0.03244
  37     133.1       23.4790        0.0186       63.5307       63.5492      40.070248       0.02947
  36     156.8       23.4776        0.0217       63.4470       63.4687      39.991094       0.02807
  35     180.6       23.4762        0.0250       63.3411       63.3661      39.889976       0.03590
  34     202.8       23.4749        0.0282       63.1774       63.2056      39.730672       0.06048
  33     228.4       23.4739        0.0313       62.8910       62.9224      39.448467       0.09311
  32     252.2       23.4733        0.0344       62.4548       62.4892      39.015948       0.15353
  31     276.0       23.4733        0.0373       61.8034       61.8407      38.367394       0.23021
  30     299.8       23.4745        0.0400       60.8493       60.8893      37.414850       0.33811
  29     323.5       23.4771        0.0425       59.6406       59.6832      36.206040       0.42908
  28     347.3       23.4819        0.0449       58.2994       58.3443      34.862345       0.47696
  27     371.1       23.4891        0.0470       56.9373       56.9844      33.495228       0.48527
  26     394.9       23.4997        0.0491       55.4853       55.5344      32.034688       0.51843
  25     418.6       23.5143        0.0509       53.9434       53.9943      30.479949       0.55187
  24     442.4       23.5339        0.0525       52.3152       52.3677      28.833819       0.58431
  23     466.2       23.5592        0.0541       50.6699       50.7240      27.164714       0.59246
  22     489.9       23.5913        0.0555       49.0609       49.1164      25.525166       0.58197
  21     513.7       23.6323        0.0568       47.4627       47.5195      23.887193       0.58141
  20     537.5       23.6840        0.0580       45.9016       45.9597      22.275673       0.57202
  19     561.3       23.7485        0.0591       44.3828       44.4419      20.693402       0.56164
  18     585.0       23.8292        0.0602       42.9069       42.9671      19.137929       0.55213
  17     608.8       23.9266        0.0612       41.5192       41.5805      17.653913       0.52676
  16     632.6       24.0440        0.0622       40.2123       40.2745      16.230480       0.50526
  15     656.4       24.1906        0.0631       38.9372       39.0003      14.809648       0.50434
  14     680.1       24.3733        0.0640       37.7038       37.7678      13.394528       0.50231
  13     703.9       24.6015        0.0647       36.5148       36.5795      11.978032       0.50280
  12     727.7       24.8947        0.0654       35.3478       35.4132      10.518558       0.51805
  11     751.5       25.2845        0.0660       34.1879       34.2539       8.969466       0.54986
  10     775.2       25.8081        0.0665       33.0529       33.1195       7.311380       0.58855
   9     799.0       26.5363        0.0669       31.9455       32.0125       5.476163       0.65143
   8     822.8       17.2697       20.7219        0.5324       21.2543       3.984602       0.52944
   7     846.6       10.8633       14.0939        0.0089       14.1028       3.239477       0.26449
   6     870.4        5.3281        8.1979        0.0001        8.1980       2.869976       0.13116
   5     894.1        0.1579        2.8827        0.0000        2.8827       2.724753       0.05155
   4     917.9        0.1593        2.8333        0.0000        2.8333       2.674089       0.01798
   3     941.7        0.1608        2.7848        0.0000        2.7848       2.624010       0.01778
   2     965.5        0.1626        2.7373        0.0000        2.7373       2.574754       0.01748
   1     989.2        0.1647        2.6910        0.0000        2.6910       2.526325       0.01719
   0    1013.0        0.1672        2.6457        0.0000        2.6457       2.478495       0.01698



 Wavenumbers:  7700. -  8050. cm-1, ATM      1
 LEVEL PRESSURE   UPWARD FLUX   DIFDOWN FLUX  DIRDOWN FLUX  DOWNWARD FLUX   NET FLUX    HEATING RATE
          mb          W/m2          W/m2          W/m2        W/m2          W/m2       degree/day
  60   .000300       11.3497        0.0000       15.1626       15.1626       3.812892       0.00000
  59    0.1000       11.3498        0.0000       15.1625       15.1625       3.812657       0.01994
  58    0.1403       11.3498        0.0000       15.1624       15.1624       3.812561       0.02005
  57    0.1968       11.3499        0.0000       15.1623       15.1623       3.812426       0.02016
  56    0.2760       11.3499        0.0000       15.1622       15.1622       3.812239       0.02000
  55    0.3871       11.3500        0.0000       15.1620       15.1620       3.811974       0.02009
  54    0.5430       11.3501        0.0000       15.1617       15.1617       3.811605       0.02001
  53    0.7617       11.3503        0.0001       15.1613       15.1614       3.811087       0.01997
  52     1.069       11.3505        0.0001       15.1608       15.1609       3.810356       0.02011
  51     1.499       11.3508        0.0001       15.1601       15.1602       3.809340       0.01993
  50     2.102       11.3513        0.0001       15.1591       15.1592       3.807931       0.01970
  49     2.949       11.3519        0.0002       15.1576       15.1579       3.805932       0.01993
  48     4.137       11.3528        0.0003       15.1556       15.1559       3.803126       0.01994
  47     5.803       11.3540        0.0004       15.1528       15.1532       3.799202       0.01987
  46     8.139       11.3558        0.0006       15.1489       15.1495       3.793713       0.01983
  45     11.42       11.3582        0.0008       15.1434       15.1442       3.786026       0.01979
  44     16.01       11.3616        0.0011       15.1358       15.1369       3.775276       0.01973
  43     22.46       11.3664        0.0015       15.1251       15.1266       3.760225       0.01970
  42     31.51       11.3731        0.0022       15.1101       15.1123       3.739154       0.01966
  41     44.20       11.3827        0.0030       15.0892       15.0923       3.709620       0.01964
  40     62.00       11.3961        0.0042       15.0604       15.0646       3.668573       0.01946
  39     85.78       11.4141        0.0059       15.0223       15.0282       3.614031       0.01936
  38     109.5       11.4328        0.0075       14.9841       14.9916       3.558877       0.01958
  37     133.1       11.4509        0.0091       14.9478       14.9569       3.505996       0.01899
  36     156.8       11.4688        0.0106       14.9129       14.9235       3.454736       0.01818
  35     180.6       11.4880        0.0122       14.8763       14.8885       3.400477       0.01926
  34     202.8       11.5068        0.0138       14.8414       14.8552       3.348390       0.01978
  33     228.4       11.5262        0.0153       14.8062       14.8216       3.295359       0.01750
  32     252.2       11.5459        0.0169       14.7713       14.7882       3.242246       0.01885
  31     276.0       11.5657        0.0185       14.7370       14.7555       3.189735       0.01864
  30     299.8       11.5860        0.0200       14.7027       14.7228       3.136723       0.01882
  29     323.5       11.6068        0.0216       14.6685       14.6901       3.083356       0.01894
  28     347.3       11.6278        0.0232       14.6347       14.6579       3.030093       0.01891
  27     371.1       11.6490        0.0247       14.6014       14.6261       2.977051       0.01883
  26     394.9       11.6711        0.0263       14.5675       14.5938       2.922653       0.01931
  25     418.6       11.6938        0.0278       14.5336       14.5614       2.867592       0.01954
  24     442.4       11.7172        0.0293       14.4995       14.5289       2.811674       0.01985
  23     466.2       11.7413        0.0309       14.4651       14.4960       2.754658       0.02024
  22     489.9       11.7660        0.0324       14.4307       14.4631       2.697121       0.02042
  21     513.7       11.7918        0.0339       14.3957       14.4296       2.637835       0.02104
  20     537.5       11.8183        0.0354       14.3603       14.3958       2.577452       0.02143
  19     561.3       11.8458        0.0369       14.3246       14.3615       2.515707       0.02192
  18     585.0       11.8749        0.0384       14.2875       14.3260       2.451039       0.02295
  17     608.8       11.9051        0.0399       14.2500       14.2900       2.384834       0.02350
  16     632.6       11.9365        0.0414       14.2119       14.2533       2.316855       0.02413
  15     656.4       11.9699        0.0429       14.1722       14.2151       2.245159       0.02545
  14     680.1       12.0052        0.0443       14.1314       14.1757       2.170470       0.02651
  13     703.9       12.0426        0.0458       14.0891       14.1349       2.092255       0.02776
  12     727.7       12.0830        0.0472       14.0446       14.0918       2.008769       0.02963
  11     751.5       12.1272        0.0486       13.9973       14.0459       1.918698       0.03197
  10     775.2       12.1753        0.0500       13.9473       13.9974       1.822051       0.03431
   9     799.0       12.2280        0.0514       13.8944       13.9459       1.717854       0.03699
   8     822.8        8.6281       10.0061        0.2387       10.2448       1.616698       0.03591
   7     846.6        5.6965        7.2351        0.0041        7.2392       1.542706       0.02626
   6     870.4        2.8704        4.3659        0.0001        4.3659       1.495508       0.01675
   5     894.1        0.0945        1.5688        0.0000        1.5688       1.474313       0.00752
   4     917.9        0.0949        1.5610        0.0000        1.5610       1.466150       0.00290
   3     941.7        0.0952        1.5529        0.0000        1.5529       1.457674       0.00301
   2     965.5        0.0956        1.5446        0.0000        1.5446       1.448929       0.00310
   1     989.2        0.0961        1.5360        0.0000        1.5360       1.439911       0.00320
   0    1013.0        0.0965        1.5271        0.0000        1.5271       1.430617       0.00330



 Wavenumbers:  8050. - 12850. cm-1, ATM      1
 LEVEL PRESSURE   UPWARD FLUX   DIFDOWN FLUX  DIRDOWN FLUX  DOWNWARD FLUX   NET FLUX    HEATING RATE
          mb          W/m2          W/m2          W/m2        W/m2          W/m2       degree/day
  60   .000300      142.6962        0.0000      212.2880      212.2880      69.591768       0.00000
  59    0.1000      142.6961        0.0003      212.2876      212.2879      69.591768      -0.00000
  58    0.1403      142.6961        0.0005      212.2874      212.2879      69.591768      -0.00000
  57    0.1968      142.6961        0.0006      212.2872      212.2878      69.591768       0.00000
  56    0.2760      142.6960        0.0009      212.2869      212.2878      69.591768      -0.00000
  55    0.3871      142.6959        0.0013      212.2864      212.2877      69.591768      -0.00000
  54    0.5430      142.6958        0.0018      212.2858      212.2876      69.591768       0.00000
  53    0.7617      142.6957        0.0025      212.2850      212.2875      69.591768      -0.00000
  52     1.069      142.6955        0.0035      212.2837      212.2873      69.591768       0.00000
  51     1.499      142.6952        0.0049      212.2820      212.2870      69.591768       0.00000
  50     2.102      142.6948        0.0069      212.2797      212.2866      69.591768      -0.00000
  49     2.949      142.6942        0.0097      212.2763      212.2860      69.591768       0.00000
  48     4.137      142.6934        0.0135      212.2717      212.2852      69.591768       0.00000
  47     5.803      142.6923        0.0190      212.2651      212.2841      69.591768       0.00000
  46     8.139      142.6907        0.0266      212.2559      212.2825      69.591768      -0.00000
  45     11.42      142.6886        0.0373      212.2430      212.2803      69.591768       0.00000
  44     16.01      142.6855        0.0522      212.2250      212.2773      69.591768       0.00000
  43     22.46      142.6812        0.0732      212.1998      212.2729      69.591768      -0.00000
  42     31.51      142.6751        0.1026      212.1643      212.2669      69.591768       0.00000
  41     44.20      142.6666        0.1439      212.1145      212.2584      69.591768      -0.00000
  40     62.00      142.6548        0.2016      212.0450      212.2466      69.591768       0.00000
  39     85.78      142.6390        0.2785      211.9522      212.2307      69.591768       0.00000
  38     109.5      142.6236        0.3568      211.8451      212.2019      69.578366       0.00476
  37     133.1      142.6087        0.4321      211.7421      212.1742      69.565552       0.00460
  36     156.8      142.5942        0.5055      211.6412      212.1466      69.552451       0.00465
  35     180.6      142.5787        0.5834      211.5292      212.1126      69.533864       0.00660
  34     202.8      142.5641        0.6585      211.4041      212.0626      69.498487       0.01343
  33     228.4      142.5497        0.7350      211.2349      211.9699      69.420245       0.02581
  32     252.2      142.5365        0.8116      211.0003      211.8120      69.275435       0.05140
  31     276.0      142.5258        0.8872      210.6760      211.5631      69.037337       0.08451
  30     299.8      142.5190        0.9630      210.2328      211.1958      68.676780       0.12798
  29     323.5      142.5180        1.0387      209.6743      210.7130      68.194977       0.17102
  28     347.3      142.5252        1.1133      209.0175      210.1309      67.605641       0.20919
  27     371.1      142.5419        1.1866      208.2872      209.4738      66.931910       0.23915
  26     394.9      142.5714        1.2603      207.4416      208.7020      66.130517       0.28446
  25     418.6      142.6165        1.3332      206.4758      207.8091      65.192590       0.33293
  24     442.4      142.6810        1.4053      205.3737      206.7790      64.097953       0.38855
  23     466.2      142.7677        1.4767      204.1488      205.6255      62.857813       0.44020
  22     489.9      142.8793        1.5464      202.8236      204.3701      61.490766       0.48525
  21     513.7      143.0240        1.6156      201.3667      202.9823      59.958362       0.54394
  20     537.5      143.2069        1.6830      199.7935      201.4765      58.269651       0.59942
  19     561.3      143.4357        1.7487      198.0998      199.8484      56.412739       0.65913
  18     585.0      143.7209        1.8141      196.2781      198.0922      54.371368       0.72460
  17     608.8      144.0631        1.8778      194.3934      196.2713      52.208162       0.76785
  16     632.6      144.4721        1.9398      192.4530      194.3927      49.920600       0.81199
  15     656.4      144.9777        2.0011      190.4000      192.4011      47.423428       0.88639
  14     680.1      145.5995        2.0602      188.2528      190.3130      44.713528       0.96190
  13     703.9      146.3650        2.1172      186.0204      188.1376      41.772541       1.04393
  12     727.7      147.3292        2.1726      183.6647      185.8373      38.508111       1.15874
  11     751.5      148.5748        2.2260      181.1466      183.3726      34.797805       1.31701
  10     775.2      150.1824        2.2765      178.4925      180.7690      30.586612       1.49480
   9     799.0      152.2888        2.3240      175.7106      178.0346      25.745799       1.71829
   8     822.8      103.7035      122.1758        2.9799      125.1557      21.452248       1.52403
   7     846.6       66.9549       85.8854        0.0506       85.9360      18.981063       0.87717
   6     870.4       33.3114       50.9499        0.0009       50.9508      17.639369       0.47625
   5     894.1        1.0577       18.1437        0.0000       18.1437      17.086015       0.19642
   4     917.9        1.0608       17.9468        0.0000       17.9468      16.885942       0.07102
   3     941.7        1.0649       17.7486        0.0000       17.7486      16.683712       0.07178
   2     965.5        1.0701       17.5508        0.0000       17.5508      16.480721       0.07205
   1     989.2        1.0764       17.3534        0.0000       17.3534      16.276934       0.07232
   0    1013.0        1.0843       17.1568        0.0000       17.1568      16.072473       0.07259



 Wavenumbers: 12850. - 16000. cm-1, ATM      1
 LEVEL PRESSURE   UPWARD FLUX   DIFDOWN FLUX  DIRDOWN FLUX  DOWNWARD FLUX   NET FLUX    HEATING RATE
          mb          W/m2          W/m2          W/m2        W/m2          W/m2       degree/day
  60   .000300      103.3334        0.0000      133.0172      133.0172      29.683796       0.00000
  59    0.1000      103.3335        0.0007      133.0095      133.0102      29.676780       0.59385
  58    0.1403      103.3336        0.0010      133.0064      133.0074      29.673864       0.61061
  57    0.1968      103.3338        0.0014      133.0021      133.0035      29.669715       0.61973
  56    0.2760      103.3343        0.0020      132.9962      132.9982      29.663901       0.61948
  55    0.3871      103.3350        0.0028      132.9880      132.9908      29.655746       0.61946
  54    0.5430      103.3363        0.0039      132.9769      132.9808      29.644463       0.61078
  53    0.7617      103.3387        0.0054      132.9618      132.9673      29.628580       0.61291
  52     1.069      103.3431        0.0077      132.9413      132.9489      29.605827       0.62585
  51     1.499      103.3511        0.0107      132.9135      132.9242      29.573076       0.64233
  50     2.102      103.3660        0.0150      132.8748      132.8898      29.523811       0.68878
  49     2.949      103.3940        0.0210      132.8176      132.8386      29.444524       0.79036
  48     4.137      103.4427        0.0294      132.7325      132.7619      29.319257       0.89015
  47     5.803      103.5174        0.0412      132.6115      132.6527      29.135292       0.93193
  46     8.139      103.6196        0.0578      132.4493      132.5071      28.887488       0.89496
  45     11.42      103.7480        0.0808      132.2424      132.3233      28.575254       0.80389
  44     16.01      103.9046        0.1131      131.9828      132.0959      28.191306       0.70474
  43     22.46      104.0922        0.1583      131.6592      131.8175      27.725365       0.60970
  42     31.51      104.2999        0.2216      131.2747      131.4963      27.196357       0.49349
  41     44.20      104.5024        0.3103      130.8450      131.1554      26.652986       0.36136
  40     62.00      104.6903        0.4340      130.3669      130.8009      26.110606       0.25715
  39     85.78      104.8224        0.5992      129.8828      130.4821      25.659629       0.16008
  38     109.5      104.9113        0.7686      129.4797      130.2483      25.336964       0.11453
  37     133.1      104.9762        0.9314      129.1217      130.0531      25.076929       0.09338
  36     156.8      105.0281        1.0895      128.7892      129.8788      24.850652       0.08024
  35     180.6      105.0685        1.2574      128.4511      129.7085      24.640090       0.07475
  34     202.8      105.0932        1.4189      128.1377      129.5566      24.463433       0.06707
  33     228.4      105.1119        1.5834      127.8216      129.4050      24.293125       0.05619
  32     252.2      105.1272        1.7481      127.5049      129.2531      24.125878       0.05937
  31     276.0      105.1393        1.9107      127.1922      129.1029      23.963609       0.05760
  30     299.8      105.1501        2.0744      126.8751      128.9495      23.799438       0.05827
  29     323.5      105.1620        2.2382      126.5537      128.7919      23.629849       0.06020
  28     347.3      105.1761        2.4002      126.2298      128.6300      23.453865       0.06247
  27     371.1      105.1929        2.5600      125.9047      128.4648      23.271867       0.06460
  26     394.9      105.2139        2.7218      125.5688      128.2906      23.076676       0.06928
  25     418.6      105.2403        2.8829      125.2257      128.1086      22.868325       0.07396
  24     442.4      105.2733        3.0435      124.8736      127.9170      22.643704       0.07973
  23     466.2      105.3139        3.2041      124.5111      127.7152      22.401238       0.08607
  22     489.9      105.3628        3.3625      124.1420      127.5046      22.141750       0.09211
  21     513.7      105.4229        3.5214      123.7577      127.2791      21.856207       0.10136
  20     537.5      105.4955        3.6783      123.3614      127.0397      21.544236       0.11074
  19     561.3      105.5829        3.8333      122.9509      126.7842      21.201283       0.12173
  18     585.0      105.6882        3.9898      122.5175      126.5073      20.819069       0.13567
  17     608.8      105.8080        4.1439      122.0752      126.2191      20.411171       0.14479
  16     632.6      105.9440        4.2957      121.6228      125.9185      19.974539       0.15499
  15     656.4      106.1035        4.4482      121.1473      125.5955      19.491978       0.17129
  14     680.1      106.2897        4.5979      120.6531      125.2510      18.961332       0.18836
  13     703.9      106.5077        4.7449      120.1376      124.8825      18.374797       0.20820
  12     727.7      106.7688        4.8911      119.5892      124.4803      17.711513       0.23544
  11     751.5      107.0829        5.0362      119.0038      124.0400      16.957113       0.26778
  10     775.2      107.4578        5.1782      118.3848      123.5630      16.105164       0.30241
   9     799.0      107.9071        5.3168      117.7284      123.0451      15.138048       0.34329
   8     822.8       76.4398       88.6364        2.0168       90.6531      14.213328       0.32824
   7     846.6       50.6246       64.1762        0.0346       64.2107      13.586115       0.22263
   6     870.4       25.6967       38.9013        0.0006       38.9019      13.205262       0.13519
   5     894.1        1.1790       14.2168        0.0000       14.2169      13.037869       0.05942
   4     917.9        1.1738       14.1470        0.0000       14.1470      12.973262       0.02293
   3     941.7        1.1689       14.0755        0.0000       14.0756      12.906670       0.02364
   2     965.5        1.1644       14.0029        0.0000       14.0029      12.838519       0.02419
   1     989.2        1.1604       13.9293        0.0000       13.9293      12.768914       0.02470
   0    1013.0        1.1569       13.8547        0.0000       13.8547      12.697864       0.02523



 Wavenumbers: 16000. - 22650. cm-1, ATM      1
 LEVEL PRESSURE   UPWARD FLUX   DIFDOWN FLUX  DIRDOWN FLUX  DOWNWARD FLUX   NET FLUX    HEATING RATE
          mb          W/m2          W/m2          W/m2        W/m2          W/m2       degree/day
  60   .000300      174.3086        0.0000      212.0812      212.0812      37.772543       0.00000
  59    0.1000      174.3088        0.0039      212.0760      212.0800      37.771162       0.11689
  58    0.1403      174.3091        0.0055      212.0737      212.0792      37.770056       0.23167
  57    0.1968      174.3098        0.0078      212.0701      212.0779      37.768055       0.29887
  56    0.2760      174.3112        0.0109      212.0648      212.0757      37.764537       0.37491
  55    0.3871      174.3135        0.0153      212.0569      212.0721      37.758605       0.45060
  54    0.5430      174.3176        0.0214      212.0449      212.0663      37.748658       0.53844
  53    0.7617      174.3252        0.0300      212.0263      212.0563      37.731106       0.67730
  52     1.069      174.3391        0.0421      211.9965      212.0387      37.699550       0.86801
  51     1.499      174.3648        0.0590      211.9488      212.0078      37.643054       1.10801
  50     2.102      174.4125        0.0824      211.8701      211.9525      37.539968       1.44128
  49     2.949      174.5028        0.1156      211.7353      211.8509      37.348050       1.91309
  48     4.137      174.6600        0.1621      211.5152      211.6773      37.017348       2.34999
  47     5.803      174.9016        0.2270      211.1861      211.4131      36.511514       2.56246
  46     8.139      175.2319        0.3178      210.7354      211.0532      35.821306       2.49273
  45     11.42      175.6470        0.4448      210.1559      210.6006      34.953670       2.23385
  44     16.01      176.1525        0.6221      209.4264      210.0484      33.895904       1.94155
  43     22.46      176.7576        0.8701      208.5155      209.3856      32.627994       1.65911
  42     31.51      177.4256        1.2170      207.4281      208.6451      31.219470       1.31396
  41     44.20      178.0724        1.7032      206.1997      207.9029      29.830456       0.92375
  40     62.00      178.6662        2.3796      204.7997      207.1793      28.513157       0.62455
  39     85.78      179.0720        3.2804      203.3150      206.5955      27.523494       0.35129
  38     109.5      179.2672        4.1926      202.0234      206.2159      26.948713       0.20402
  37     133.1      179.3984        5.0662      200.8408      205.9070      26.508575       0.15806
  36     156.8      179.4948        5.9121      199.7260      205.6381      26.143260       0.12954
  35     180.6      179.5560        6.8072      198.5859      205.3931      25.837114       0.10869
  34     202.8      179.5747        7.6654      197.5309      205.1963      25.621585       0.08183
  33     228.4      179.5733        8.5369      196.4789      205.0158      25.442480       0.05909
  32     252.2      179.5593        9.4068      195.4408      204.8476      25.288254       0.05474
  31     276.0      179.5331       10.2626      194.4310      204.6936      25.160549       0.04533
  30     299.8      179.4969       11.1214      193.4267      204.5481      25.051251       0.03880
  29     323.5      179.4563       11.9782      192.4286      204.4067      24.950406       0.03580
  28     347.3      179.4129       12.8235      191.4464      204.2699      24.857042       0.03314
  27     371.1      179.3669       13.6544      190.4836      204.1380      24.771046       0.03053
  26     394.9      179.3181       14.4933      189.5132      204.0065      24.688380       0.02934
  25     418.6      179.2682       15.3264      188.5503      203.8767      24.608470       0.02836
  24     442.4      179.2175       16.1551      187.5927      203.7477      24.530222       0.02777
  23     466.2      179.1660       16.9822      186.6371      203.6192      24.453257       0.02732
  22     489.9      179.1147       17.7964      185.6961      203.4925      24.377828       0.02677
  21     513.7      179.0635       18.6118      184.7529      203.3647      24.301236       0.02719
  20     537.5      179.0138       19.4161      183.8209      203.2370      24.223153       0.02772
  19     561.3      178.9662       20.2107      182.8981      203.1087      24.142565       0.02861
  18     585.0      178.9197       21.0128      181.9641      202.9769      24.057252       0.03028
  17     608.8      178.8757       21.8036      181.0409      202.8444      23.968741       0.03142
  16     632.6      178.8346       22.5834      180.1276      202.7110      23.876370       0.03279
  15     656.4      178.7964       23.3683      179.2047      202.5730      23.776580       0.03542
  14     680.1      178.7632       24.1426      178.2893      202.4320      23.668712       0.03829
  13     703.9      178.7361       24.9066      177.3803      202.2869      23.550887       0.04182
  12     727.7      178.7158       25.6718      176.4629      202.1347      23.418842       0.04687
  11     751.5      178.7049       26.4379      175.5353      201.9731      23.268186       0.05348
  10     775.2      178.7054       27.1954      174.6074      201.8029      23.097458       0.06060
   9     799.0      178.7192       27.9444      173.6783      201.6227      22.903482       0.06885
   8     822.8      129.4785      149.2077        2.9762      152.1839      22.705443       0.07030
   7     846.6       86.9658      109.4712        0.0510      109.5222      22.556371       0.05291
   6     870.4       44.7716       67.2300        0.0009       67.2309      22.459306       0.03445
   5     894.1        2.6902       25.1049        0.0000       25.1049      22.414765       0.01581
   4     917.9        2.6400       25.0368        0.0000       25.0368      22.396776       0.00639
   3     941.7        2.5899       24.9679        0.0000       24.9679      22.378072       0.00664
   2     965.5        2.5400       24.8988        0.0000       24.8988      22.358809       0.00684
   1     989.2        2.4905       24.8296        0.0000       24.8296      22.339053       0.00701
   0    1013.0        2.4414       24.7602        0.0000       24.7602      22.318842       0.00718



 Wavenumbers: 22650. - 29000. cm-1, ATM      1
 LEVEL PRESSURE   UPWARD FLUX   DIFDOWN FLUX  DIRDOWN FLUX  DOWNWARD FLUX   NET FLUX    HEATING RATE
          mb          W/m2          W/m2          W/m2        W/m2          W/m2       degree/day
  60   .000300       71.3811        0.0000       80.0317       80.0317       8.650617       0.00000
  59    0.1000       71.3807        0.0046       80.0267       80.0313       8.650617      -0.00000
  58    0.1403       71.3805        0.0064       80.0247       80.0311       8.650617       0.00000
  57    0.1968       71.3802        0.0090       80.0218       80.0308       8.650617       0.00000
  56    0.2760       71.3799        0.0127       80.0178       80.0305       8.650617       0.00000
  55    0.3871       71.3794        0.0178       80.0122       80.0300       8.650617      -0.00000
  54    0.5430       71.3787        0.0250       80.0043       80.0293       8.650617       0.00000
  53    0.7617       71.3777        0.0350       79.9933       80.0283       8.650617       0.00000
  52     1.069       71.3764        0.0491       79.9778       80.0270       8.650617       0.00000
  51     1.499       71.3745        0.0688       79.9562       80.0251       8.650617       0.00000
  50     2.102       71.3718        0.0961       79.9263       80.0224       8.650617       0.00000
  49     2.949       71.3681        0.1348       79.8839       80.0187       8.650617       0.00000
  48     4.137       71.3628        0.1891       79.8244       80.0134       8.650617       0.00000
  47     5.803       71.3555        0.2649       79.7412       80.0061       8.650617       0.00000
  46     8.139       71.3452        0.3709       79.6249       79.9959       8.650617       0.00000
  45     11.42       71.3309        0.5192       79.4623       79.9815       8.650617       0.00000
  44     16.01       71.3108        0.7261       79.2352       79.9614       8.650617      -0.00000
  43     22.46       71.2826        1.0153       78.9179       79.9333       8.650617       0.00000
  42     31.51       71.2432        1.4188       78.4751       79.8939       8.650617       0.00000
  41     44.20       71.1881        1.9814       77.8573       79.8387       8.650617       0.00000
  40     62.00       71.1114        2.7582       77.0038       79.7620       8.650617       0.00000
  39     85.78       71.0095        3.7809       75.8793       79.6601       8.650617       0.00000
  38     109.5       70.9066        4.8033       74.7539       79.5573       8.650617       0.00000
  37     133.1       70.8082        5.7719       73.6869       79.4588       8.650617      -0.00000
  36     156.8       70.7129        6.6998       72.6637       79.3635       8.650617       0.00000
  35     180.6       70.6122        7.6707       71.5922       79.2628       8.650617      -0.00000
  34     202.8       70.5158        8.5907       70.5757       79.1664       8.650617       0.00000
  33     228.4       70.4179        9.5144       69.5542       79.0685       8.650617       0.00000
  32     252.2       70.3203       10.4261       68.5449       78.9710       8.650617       0.00000
  31     276.0       70.2244       11.3131       67.5619       78.8750       8.650617      -0.00000
  30     299.8       70.1282       12.1932       66.5855       78.7788       8.650617       0.00000
  29     323.5       70.0322       13.0616       65.6212       78.6828       8.650617       0.00000
  28     347.3       69.9375       13.9090       64.6791       78.5881       8.650617      -0.00000
  27     371.1       69.8444       14.7329       63.7621       78.4951       8.650617       0.00000
  26     394.9       69.7505       15.5557       62.8455       78.4011       8.650617      -0.00000
  25     418.6       69.6572       16.3639       61.9439       78.3078       8.650617       0.00000
  24     442.4       69.5644       17.1591       61.0558       78.2150       8.650617       0.00000
  23     466.2       69.4717       17.9442       60.1781       78.1223       8.650617      -0.00000
  22     489.9       69.3804       18.7087       59.3223       78.0310       8.650617      -0.00000
  21     513.7       69.2890       19.4661       58.4735       77.9396       8.650617       0.00000
  20     537.5       69.1988       20.2052       57.6441       77.8494       8.650617       0.00000
  19     561.3       69.1096       20.9277       56.8325       77.7602       8.650617       0.00000
  18     585.0       69.0194       21.6493       56.0207       77.6701       8.650617       0.00000
  17     608.8       68.9305       22.3533       55.2278       77.5811       8.650617       0.00000
  16     632.6       68.8427       23.0402       54.4531       77.4933       8.650617      -0.00000
  15     656.4       68.7543       23.7245       53.6804       77.4049       8.650617       0.00000
  14     680.1       68.6669       24.3926       52.9249       77.3175       8.650617      -0.00000
  13     703.9       68.5805       25.0452       52.1859       77.2311       8.650617      -0.00000
  12     727.7       68.4939       25.6925       51.4520       77.1445       8.650617       0.00000
  11     751.5       68.4069       26.3343       50.7232       77.0575       8.650617      -0.00000
  10     775.2       68.3207       26.9631       50.0082       76.9713       8.650617      -0.00000
   9     799.0       68.2352       27.5791       49.3067       76.8858       8.650617       0.00000
   8     822.8       50.1028       57.9149        0.8378       58.7528       8.649998       0.00022
   7     846.6       33.7939       42.4292        0.0142       42.4434       8.649536       0.00016
   6     870.4       17.5168       26.1658        0.0002       26.1661       8.649236       0.00011
   5     894.1        1.2410        9.8901        0.0000        9.8901       8.649099       0.00005
   4     917.9        1.1818        9.8309        0.0000        9.8309       8.649099      -0.00000
   3     941.7        1.1225        9.7716        0.0000        9.7716       8.649099      -0.00000
   2     965.5        1.0634        9.7125        0.0000        9.7125       8.649099       0.00000
   1     989.2        1.0046        9.6537        0.0000        9.6537       8.649099       0.00000
   0    1013.0        0.9461        9.5952        0.0000        9.5952       8.649099       0.00000



 Wavenumbers: 29000. - 38000. cm-1, ATM      1
 LEVEL PRESSURE   UPWARD FLUX   DIFDOWN FLUX  DIRDOWN FLUX  DOWNWARD FLUX   NET FLUX    HEATING RATE
          mb          W/m2          W/m2          W/m2        W/m2          W/m2       degree/day
  60   .000300       11.2134        0.0000       28.2225       28.2225      17.009119       0.00000
  59    0.1000       11.2119        0.0031       28.1859       28.1889      16.977037       2.71559
  58    0.1403       11.2114        0.0043       28.1585       28.1628      16.951425       5.36338
  57    0.1968       11.2108        0.0060       28.1101       28.1161      16.905397       6.87500
  56    0.2760       11.2100        0.0084       28.0271       28.0355      16.825501       8.51332
  55    0.3871       11.2091        0.0117       27.8913       27.9030      16.693917       9.99510
  54    0.5430       11.2082        0.0162       27.6738       27.6900      16.481789      11.48285
  53    0.7617       11.2076        0.0223       27.3185       27.3408      16.133222      13.45044
  52     1.069       11.2080        0.0304       26.7574       26.7878      15.579806      15.22281
  51     1.499       11.2106        0.0409       25.9466       25.9875      14.776890      15.74697
  50     2.102       11.2181        0.0542       24.8886       24.9428      13.724635      14.71196
  49     2.949       11.2356        0.0717       23.6539       23.7256      12.490038      12.30681
  48     4.137       11.2691        0.0950       22.3800       22.4749      11.205842       9.12556
  47     5.803       11.3228        0.1259       21.1533       21.2792       9.956432       6.32928
  46     8.139       11.3977        0.1679       20.0304       20.1983       8.800662       4.17414
  45     11.42       11.4931        0.2250       19.0179       19.2430       7.749911       2.70530
  44     16.01       11.6117        0.3026       18.0801       18.3827       6.770996       1.79681
  43     22.46       11.7588        0.4083       17.1858       17.5941       5.835273       1.22443
  42     31.51       11.9280        0.5532       16.3448       16.8980       4.969923       0.80725
  41     44.20       12.0968        0.7535       15.5663       16.3198       4.222945       0.49677
  40     62.00       12.2553        1.0277       14.8065       15.8342       3.578872       0.30536
  39     85.78       12.3564        1.3882       14.0925       15.4807       3.124257       0.16137
  38     109.5       12.3943        1.7474       13.5167       15.2641       2.869769       0.09033
  37     133.1       12.4167        2.0811       13.0134       15.0945       2.677797       0.06894
  36     156.8       12.4321        2.3946       12.5564       14.9510       2.518870       0.05636
  35     180.6       12.4374        2.7181       12.1053       14.8235       2.386023       0.04716
  34     202.8       12.4305        3.0213       11.7016       14.7229       2.292374       0.03556
  33     228.4       12.4179        3.3211       11.3112       14.6323       2.214396       0.02573
  32     252.2       12.4023        3.6122       10.9372       14.5494       2.147138       0.02387
  31     276.0       12.3835        3.8911       10.5839       14.4750       2.091505       0.01975
  30     299.8       12.3620        4.1636       10.2424       14.4061       2.044110       0.01682
  29     323.5       12.3397        4.4278        9.9126       14.3405       2.000803       0.01537
  28     347.3       12.3171        4.6811        9.5973       14.2784       1.961272       0.01403
  27     371.1       12.2942        4.9232        9.2967       14.2198       1.925592       0.01266
  26     394.9       12.2707        5.1607        9.0022       14.1629       1.892248       0.01184
  25     418.6       12.2471        5.3900        8.7182       14.1082       1.861083       0.01106
  24     442.4       12.2234        5.6116        8.4437       14.0553       1.831860       0.01037
  23     466.2       12.1995        5.8266        8.1775       14.0041       1.804546       0.00970
  22     489.9       12.1758        6.0323        7.9229       13.9551       1.779304       0.00896
  21     513.7       12.1520        6.2325        7.6749       13.9073       1.755355       0.00850
  20     537.5       12.1285        6.4243        7.4369       13.8612       1.732725       0.00803
  19     561.3       12.1052        6.6085        7.2080       13.8165       1.711267       0.00762
  18     585.0       12.0819        6.7892        6.9831       13.7723       1.690364       0.00742
  17     608.8       12.0590        6.9622        6.7672       13.7294       1.670398       0.00709
  16     632.6       12.0365        7.1280        6.5598       13.6878       1.651298       0.00678
  15     656.4       12.0140        7.2901        6.3565       13.6466       1.632628       0.00663
  14     680.1       11.9919        7.4455        6.1611       13.6066       1.614712       0.00636
  13     703.9       11.9702        7.5945        5.9732       13.5677       1.597499       0.00611
  12     727.7       11.9485        7.7395        5.7897       13.5292       1.580698       0.00596
  11     751.5       11.9270        7.8807        5.6105       13.4913       1.564304       0.00582
  10     775.2       11.9057        8.0164        5.4377       13.4542       1.548496       0.00561
   9     799.0       11.8847        8.1469        5.2710       13.4180       1.533239       0.00542
   8     822.8        8.8099       10.2415        0.0881       10.3296       1.519695       0.00481
   7     846.6        5.9502        7.4586        0.0015        7.4601       1.509900       0.00348
   6     870.4        3.1069        4.6106        0.0000        4.6106       1.503714       0.00220
   5     894.1        0.2705        1.7714        0.0000        1.7714       1.500921       0.00099
   4     917.9        0.2490        1.7488        0.0000        1.7488       1.499785       0.00040
   3     941.7        0.2275        1.7262        0.0000        1.7262       1.498694       0.00039
   2     965.5        0.2061        1.7038        0.0000        1.7038       1.497656       0.00037
   1     989.2        0.1848        1.6815        0.0000        1.6815       1.496668       0.00035
   0    1013.0        0.1636        1.6593        0.0000        1.6593       1.495726       0.00033



 Wavenumbers: 38000. - 50000. cm-1, ATM      1
 LEVEL PRESSURE   UPWARD FLUX   DIFDOWN FLUX  DIRDOWN FLUX  DOWNWARD FLUX   NET FLUX    HEATING RATE
          mb          W/m2          W/m2          W/m2        W/m2          W/m2       degree/day
  60   .000300        0.0069        0.0000        1.7407        1.7407       1.733864       0.00000
  59    0.1000        0.0063        0.0006        1.7198        1.7204       1.714069       1.67562
  58    0.1403        0.0061        0.0008        1.7047        1.7056       1.699408       3.07012
  57    0.1968        0.0059        0.0012        1.6784        1.6796       1.673683       3.84232
  56    0.2760        0.0056        0.0016        1.6341        1.6357       1.630132       4.64062
  55    0.3871        0.0051        0.0021        1.5634        1.5655       1.560405       5.29648
  54    0.5430        0.0046        0.0028        1.4543        1.4571       1.452495       5.84133
  53    0.7617        0.0039        0.0034        1.2861        1.2895       1.285598       6.44019
  52     1.069        0.0031        0.0037        1.0457        1.0495       1.046342       6.58121
  51     1.499        0.0024        0.0037        0.7523        0.7559       0.753565       5.74202
  50     2.102        0.0017        0.0031        0.4664        0.4695       0.467843       3.99478
  49     2.949        0.0012        0.0024        0.2581        0.2604       0.259286       2.07895
  48     4.137        0.0008        0.0017        0.1381        0.1398       0.139011       0.85468
  47     5.803        0.0005        0.0013        0.0728        0.0741       0.073572       0.33150
  46     8.139        0.0003        0.0009        0.0388        0.0397       0.039349       0.12360
  45     11.42        0.0002        0.0006        0.0198        0.0204       0.020194       0.04932
  44     16.01        0.0001        0.0004        0.0090        0.0093       0.009236       0.02011
  43     22.46        0.0000        0.0002        0.0034        0.0036       0.003591       0.00739
  42     31.51        0.0000        0.0001        0.0011        0.0012       0.001179       0.00225
  41     44.20        0.0000        0.0000        0.0003        0.0003       0.000327       0.00057
  40     62.00        0.0000        0.0000        0.0001        0.0001       0.000070       0.00012
  39     85.78        0.0000        0.0000        0.0000        0.0000       0.000012       0.00002
  38     109.5        0.0000        0.0000        0.0000        0.0000       0.000002       0.00000
  37     133.1        0.0000        0.0000        0.0000        0.0000       0.000000       0.00000
  36     156.8        0.0000        0.0000        0.0000        0.0000       0.000000       0.00000
  35     180.6        0.0000        0.0000        0.0000        0.0000       0.000000       0.00000
  34     202.8        0.0000        0.0000        0.0000        0.0000       0.000000       0.00000
  33     228.4        0.0000        0.0000        0.0000        0.0000       0.000000       0.00000
  32     252.2        0.0000        0.0000        0.0000        0.0000       0.000000       0.00000
  31     276.0        0.0000        0.0000        0.0000        0.0000       0.000000       0.00000
  30     299.8        0.0000        0.0000        0.0000        0.0000       0.000000       0.00000
  29     323.5        0.0000        0.0000        0.0000        0.0000       0.000000       0.00000
  28     347.3        0.0000        0.0000        0.0000        0.0000       0.000000       0.00000
  27     371.1        0.0000        0.0000        0.0000        0.0000       0.000000       0.00000
  26     394.9        0.0000        0.0000        0.0000        0.0000       0.000000       0.00000
  25     418.6        0.0000        0.0000        0.0000        0.0000       0.000000       0.00000
  24     442.4        0.0000        0.0000        0.0000        0.0000       0.000000       0.00000
  23     466.2        0.0000        0.0000        0.0000        0.0000       0.000000       0.00000
  22     489.9        0.0000        0.0000        0.0000        0.0000       0.000000       0.00000
  21     513.7        0.0000        0.0000        0.0000        0.0000       0.000000       0.00000
  20     537.5        0.0000        0.0000        0.0000        0.0000       0.000000       0.00000
  19     561.3        0.0000        0.0000        0.0000        0.0000       0.000000       0.00000
  18     585.0        0.0000        0.0000        0.0000        0.0000       0.000000       0.00000
  17     608.8        0.0000        0.0000        0.0000        0.0000       0.000000       0.00000
  16     632.6        0.0000        0.0000        0.0000        0.0000       0.000000       0.00000
  15     656.4        0.0000        0.0000        0.0000        0.0000       0.000000       0.00000
  14     680.1        0.0000        0.0000        0.0000        0.0000       0.000000       0.00000
  13     703.9        0.0000        0.0000        0.0000        0.0000       0.000000       0.00000
  12     727.7        0.0000        0.0000        0.0000        0.0000       0.000000       0.00000
  11     751.5        0.0000        0.0000        0.0000        0.0000       0.000000       0.00000
  10     775.2        0.0000        0.0000        0.0000        0.0000       0.000000       0.00000
   9     799.0        0.0000        0.0000        0.0000        0.0000       0.000000       0.00000
   8     822.8        0.0000        0.0000        0.0000        0.0000       0.000000       0.00000
   7     846.6        0.0000        0.0000        0.0000        0.0000       0.000000       0.00000
   6     870.4        0.0000        0.0000        0.0000        0.0000       0.000000       0.00000
   5     894.1        0.0000        0.0000        0.0000        0.0000       0.000000       0.00000
   4     917.9        0.0000        0.0000        0.0000        0.0000       0.000000       0.00000
   3     941.7        0.0000        0.0000        0.0000        0.0000       0.000000       0.00000
   2     965.5        0.0000        0.0000        0.0000        0.0000       0.000000       0.00000
   1     989.2        0.0000        0.0000        0.0000        0.0000       0.000000       0.00000
   0    1013.0        0.0000        0.0000        0.0000        0.0000       0.000000       0.00000



 Wavenumbers:   820. -  2600. cm-1, ATM      1
 LEVEL PRESSURE   UPWARD FLUX   DIFDOWN FLUX  DIRDOWN FLUX  DOWNWARD FLUX   NET FLUX    HEATING RATE
          mb          W/m2          W/m2          W/m2        W/m2          W/m2       degree/day
  60   .000300        1.9538        0.0000        8.1430        8.1430       6.189138       0.00000
  59    0.1000        1.9538        0.0000        8.1331        8.1331       6.179250       0.83693
  58    0.1403        1.9538        0.0000        8.1309        8.1309       6.177111       0.44792
  57    0.1968        1.9538        0.0000        8.1281        8.1281       6.174271       0.42427
  56    0.2760        1.9538        0.0000        8.1245        8.1245       6.170703       0.38017
  55    0.3871        1.9538        0.0000        8.1201        8.1201       6.166241       0.33892
  54    0.5430        1.9538        0.0000        8.1143        8.1143       6.160484       0.31165
  53    0.7617        1.9538        0.0000        8.1063        8.1063       6.152496       0.30823
  52     1.069        1.9538        0.0000        8.0951        8.0951       6.141245       0.30948
  51     1.499        1.9538        0.0000        8.0799        8.0799       6.126052       0.29798
  50     2.102        1.9539        0.0000        8.0595        8.0595       6.105635       0.28545
  49     2.949        1.9539        0.0000        8.0314        8.0314       6.077489       0.28057
  48     4.137        1.9539        0.0000        7.9935        7.9935       6.039631       0.26902
  47     5.803        1.9539        0.0000        7.9444        7.9444       5.990494       0.24892
  46     8.139        1.9539        0.0000        7.8811        7.8811       5.927194       0.22861
  45     11.42        1.9540        0.0000        7.8004        7.8004       5.846436       0.20792
  44     16.01        1.9540        0.0000        7.7070        7.7070       5.753034       0.17144
  43     22.46        1.9541        0.0000        7.6181        7.6181       5.663992       0.11651
  42     31.51        1.9542        0.0000        7.5468        7.5468       5.592616       0.06658
  41     44.20        1.9544        0.0000        7.4816        7.4816       5.527273       0.04346
  40     62.00        1.9546        0.0000        7.3998        7.3998       5.445230       0.03890
  39     85.78        1.9549        0.0000        7.2958        7.2958       5.340878       0.03704
  38     109.5        1.9553        0.0000        7.1946        7.1946       5.239373       0.03603
  37     133.1        1.9556        0.0000        7.1003        7.1003       5.144667       0.03401
  36     156.8        1.9560        0.0000        7.0126        7.0126       5.056682       0.03120
  35     180.6        1.9564        0.0000        6.9166        6.9166       4.960225       0.03424
  34     202.8        1.9569        0.0000        6.8041        6.8042       4.847284       0.04288
  33     228.4        1.9575        0.0000        6.6630        6.6630       4.705505       0.04678
  32     252.2        1.9584        0.0000        6.4917        6.4917       4.533330       0.06112
  31     276.0        1.9594        0.0000        6.3090        6.3091       4.349695       0.06518
  30     299.8        1.9609        0.0000        6.1153        6.1153       4.154443       0.06931
  29     323.5        1.9629        0.0000        5.9197        5.9197       3.956827       0.07015
  28     347.3        1.9656        0.0000        5.7036        5.7036       3.738043       0.07766
  27     371.1        1.9688        0.0000        5.4648        5.4649       3.496062       0.08589
  26     394.9        1.9727        0.0000        5.2059        5.2060       3.233233       0.09329
  25     418.6        1.9774        0.0000        4.9521        4.9521       2.974703       0.09177
  24     442.4        1.9828        0.0000        4.7233        4.7234       2.740543       0.08312
  23     466.2        1.9888        0.0000        4.5370        4.5370       2.548206       0.06827
  22     489.9        1.9958        0.0000        4.3924        4.3925       2.396726       0.05377
  21     513.7        2.0041        0.0000        4.2764        4.2764       2.272372       0.04414
  20     537.5        2.0138        0.0001        4.1775        4.1776       2.163751       0.03856
  19     561.3        2.0253        0.0001        4.0839        4.0840       2.058679       0.03730
  18     585.0        2.0389        0.0001        3.9882        3.9883       1.949433       0.03878
  17     608.8        2.0545        0.0001        3.8907        3.8907       1.836286       0.04016
  16     632.6        2.0726        0.0001        3.7911        3.7912       1.718587       0.04178
  15     656.4        2.0944        0.0001        3.6867        3.6868       1.592363       0.04480
  14     680.1        2.1207        0.0001        3.5795        3.5796       1.458861       0.04739
  13     703.9        2.1524        0.0001        3.4709        3.4710       1.318615       0.04978
  12     727.7        2.1922        0.0001        3.3598        3.3599       1.167716       0.05356
  11     751.5        2.2443        0.0001        3.2443        3.2444       1.000035       0.05952
  10     775.2        2.3130        0.0001        3.1256        3.1256       0.812642       0.06652
   9     799.0        2.4055        0.0001        3.0033        3.0033       0.597801       0.07626
   8     822.8        1.4535        1.8099        0.0496        1.8595       0.405944       0.06810
   7     846.6        0.8550        1.1469        0.0008        1.1477       0.292726       0.04019
   6     870.4        0.3985        0.6276        0.0000        0.6276       0.229182       0.02256
   5     894.1        0.0082        0.2106        0.0000        0.2106       0.202410       0.00950
   4     917.9        0.0085        0.2011        0.0000        0.2011       0.192650       0.00346
   3     941.7        0.0088        0.1915        0.0000        0.1915       0.182686       0.00354
   2     965.5        0.0092        0.1818        0.0000        0.1818       0.172582       0.00359
   1     989.2        0.0097        0.1721        0.0000        0.1721       0.162383       0.00362
   0    1013.0        0.0103        0.1624        0.0000        0.1624       0.152135       0.00364

  Modules and versions used in this calculation:

       rrtmg_sw.1col.f90:  $Revision$                    rrtmg_sw_init.f90:  $Revision$        
     rrtmgsw_cldprop.f90:  $Revision$                  rrtmgsw_cldprmc.f90:  NOT USED          
     rrtmg_sw_reftra.f90:  $Revision$                  rrtmg_sw_spcvrt.f90:  NOT USED          
     rrtmg_sw_spcvmc.f90:  NOT USED                    rrtmgsw_setcoef.f90:  NOT USED          
     rrtmg_sw_taumol.f90:  $Revision$                  rrtmg_sw_vrtqdr.f90:  NOT USED          
                rrtatm.f:  NOT USED                             util_xxx.f:  NOT USED          
                 extra.f:  NOT USED                       rrtmg_sw_k_g.f90:  $Revision$        

