

 Wavenumbers:   820. - 50000. cm-1, ATM      1
 LEVEL PRESSURE   UPWARD FLUX   DIFDOWN FLUX  DIRDOWN FLUX  DOWNWARD FLUX   NET FLUX    HEATING RATE
          mb          W/m2          W/m2          W/m2        W/m2          W/m2       degree/day
  60   .000300      494.4159        0.0000      837.8224      837.8224     343.406495       0.00000
  59    0.1000      494.4129        0.0126      837.7137      837.7263     343.313385       7.88134
  58    0.1403      494.4121        0.0177      837.6563      837.6741     343.261915      10.77834
  57    0.1968      494.4114        0.0249      837.5614      837.5863     343.174896      12.99752
  56    0.2760      494.4108        0.0348      837.4070      837.4418     343.030984      15.33456
  55    0.3871      494.4109        0.0487      837.1641      837.2127     342.801862      17.40411
  54    0.5430      494.4122        0.0678      836.7876      836.8554     342.443269      19.41126
  53    0.7617      494.4167        0.0941      836.1942      836.2883     341.871535      22.06193
  52     1.069      494.4283        0.1303      835.2926      835.4229     340.994646      24.12059
  51     1.499      494.4536        0.1792      834.0471      834.2263     339.772729      23.96453
  50     2.102      494.5065        0.2453      832.4995      832.7449     338.238370      21.45242
  49     2.949      494.6137        0.3379      830.7483      831.0862     336.472457      17.60311
  48     4.137      494.8072        0.4666      828.8944      829.3610     334.553815      13.63397
  47     5.803      495.1091        0.6454      826.9459      827.5913     332.482238      10.49423
  46     8.139      495.5228        0.8943      824.8978      825.7922     330.269369       7.99192
  45     11.42      496.0401        1.2410      822.7006      823.9416     327.901455       6.09652
  44     16.01      496.6657        1.7230      820.2525      821.9755     325.309730       4.75715
  43     22.46      497.4086        2.3942      817.4463      819.8405     322.431946       3.76569
  42     31.51      498.2132        3.3290      814.2518      817.5808     319.367537       2.85867
  41     44.20      498.9525        4.6335      810.6480      815.2815     316.329038       2.02072
  40     62.00      499.5666        6.4375      806.4553      812.8929     313.326265       1.42366
  39     85.78      499.8511        8.8231      801.7674      810.5905     310.739423       0.91822
  38     109.5      499.8570       11.2207      797.4817      808.7024     308.845399       0.67230
  37     133.1      499.7846       13.4959      793.5510      807.0469     307.262349       0.56849
  36     156.8      499.6729       15.6794      789.8548      805.5342     305.861269       0.49682
  35     180.6      499.4973       17.9705      786.0084      803.9789     304.481556       0.48982
  34     202.8      499.2728       20.1493      782.2124      802.3616     303.088862       0.52878
  33     228.4      499.0181       22.3429      778.0467      800.3896     301.371486       0.56663
  32     252.2      498.7502       24.5136      773.4741      797.9877     299.237471       0.75749
  31     276.0      498.4745       26.6315      768.4389      795.0703     296.595854       0.93767
  30     299.8      498.1928       28.7386      762.7642      791.5029     293.310007       1.16634
  29     323.5      497.9180       30.8228      756.6288      787.4515     289.533531       1.34049
  28     347.3      497.6581       32.8618      750.2254      783.0872     285.429028       1.45693
  27     371.1      497.4159       34.8494      743.7251      778.5745     281.158596       1.51583
  26     394.9      497.1902       36.8392      736.8957      773.7350     276.544723       1.63774
  25     418.6      496.9913       38.7988      729.8721      768.6709     271.679568       1.72693
  24     442.4      496.8252       40.7316      722.6783      763.4099     266.584629       1.80849
  23     466.2      496.6948       42.6447      715.4381      758.0828     261.387968       1.84460
  22     489.9      496.6095       44.5124      708.2772      752.7896     256.180037       1.84860
  21     513.7      496.5789       46.3674      701.0441      747.4114     250.832542       1.89814
  20     537.5      496.6161       48.1817      693.8325      742.0142     245.398135       1.92899
  19     561.3      496.7335       49.9593      686.6319      736.5912     239.857707       1.96662
  18     585.0      496.9422       51.7390      679.3701      731.1091     234.166875       2.02001
  17     608.8      497.2474       53.4791      672.2525      725.7316     228.484141       2.01714
  16     632.6      497.6648       55.1809      665.2624      720.4433     222.778483       2.02527
  15     656.4      498.2371       56.8797      658.1915      715.0711     216.834070       2.11002
  14     680.1      499.0005       58.5412      651.1209      709.6621     210.661630       2.19096
  13     703.9      499.9986       60.1665      644.0582      704.2247     204.226122       2.28434
  12     727.7      501.3167       61.7802      636.8758      698.6561     197.339364       2.44452
  11     751.5      503.0846       63.3813      629.4911      692.8724     189.787773       2.68050
  10     775.2      505.4355       64.9500      621.9804      686.9303     181.494785       2.94367
   9     799.0      508.5944       66.4863      614.3441      680.8304     172.236036       3.28647
   8     822.8      367.1741      411.1728      119.5263      530.6991     163.524987       3.09206
   7     846.6      245.1604      379.4054       23.2618      402.6672     157.506809       2.13621
   6     870.4      128.8259      277.9719        4.5290      282.5009     153.674956       1.36015
   5     894.1       14.4773      165.2448        0.8820      166.1268     151.649535       0.71894
   4     917.9       14.2190      163.8299        0.8719      164.7018     150.482794       0.41414
   3     941.7       13.9649      162.4334        0.8620      163.2954     149.330488       0.40902
   2     965.5       13.7178      161.0624        0.8523      161.9147     148.196854       0.40239
   1     989.2       13.4787      159.7155        0.8428      160.5584     147.079669       0.39647
   0    1013.0       13.2490      158.3915        0.8336      159.2251     145.976069       0.39182



 Wavenumbers:  2600. -  3250. cm-1, ATM      1
 LEVEL PRESSURE   UPWARD FLUX   DIFDOWN FLUX  DIRDOWN FLUX  DOWNWARD FLUX   NET FLUX    HEATING RATE
          mb          W/m2          W/m2          W/m2        W/m2          W/m2       degree/day
  60   .000300        2.2265        0.0000        7.3841        7.3841       5.157590       0.00000
  59    0.1000        2.2265        0.0000        7.3840        7.3840       5.157517       0.00613
  58    0.1403        2.2265        0.0000        7.3840        7.3840       5.157488       0.00614
  57    0.1968        2.2265        0.0000        7.3839        7.3839       5.157447       0.00616
  56    0.2760        2.2265        0.0000        7.3839        7.3839       5.157389       0.00613
  55    0.3871        2.2265        0.0000        7.3838        7.3838       5.157305       0.00642
  54    0.5430        2.2265        0.0000        7.3837        7.3837       5.157179       0.00678
  53    0.7617        2.2265        0.0000        7.3835        7.3835       5.156982       0.00761
  52     1.069        2.2265        0.0000        7.3831        7.3831       5.156652       0.00908
  51     1.499        2.2265        0.0000        7.3825        7.3825       5.156044       0.01193
  50     2.102        2.2265        0.0000        7.3814        7.3814       5.154955       0.01522
  49     2.949        2.2265        0.0000        7.3795        7.3795       5.153069       0.01880
  48     4.137        2.2265        0.0000        7.3765        7.3765       5.150055       0.02142
  47     5.803        2.2265        0.0000        7.3721        7.3721       5.145623       0.02245
  46     8.139        2.2265        0.0000        7.3661        7.3661       5.139615       0.02170
  45     11.42        2.2265        0.0000        7.3586        7.3586       5.132106       0.01933
  44     16.01        2.2265        0.0000        7.3500        7.3500       5.123526       0.01575
  43     22.46        2.2265        0.0000        7.3407        7.3407       5.114202       0.01220
  42     31.51        2.2265        0.0000        7.3297        7.3297       5.103219       0.01024
  41     44.20        2.2266        0.0000        7.3134        7.3134       5.086832       0.01090
  40     62.00        2.2267        0.0000        7.2860        7.2860       5.059350       0.01303
  39     85.78        2.2269        0.0000        7.2438        7.2439       5.017017       0.01503
  38     109.5        2.2271        0.0001        7.1969        7.1970       4.969833       0.01675
  37     133.1        2.2274        0.0001        7.1517        7.1518       4.924376       0.01632
  36     156.8        2.2278        0.0001        7.1092        7.1093       4.881527       0.01519
  35     180.6        2.2282        0.0001        7.0662        7.0663       4.838064       0.01543
  34     202.8        2.2288        0.0001        7.0262        7.0263       4.797495       0.01540
  33     228.4        2.2295        0.0001        6.9846        6.9847       4.755193       0.01396
  32     252.2        2.2307        0.0001        6.9407        6.9408       4.710134       0.01599
  31     276.0        2.2321        0.0001        6.8941        6.8943       4.662146       0.01703
  30     299.8        2.2340        0.0001        6.8424        6.8426       4.608562       0.01902
  29     323.5        2.2365        0.0001        6.7849        6.7851       4.548587       0.02129
  28     347.3        2.2396        0.0002        6.7206        6.7208       4.481170       0.02393
  27     371.1        2.2434        0.0002        6.6496        6.6497       4.406366       0.02655
  26     394.9        2.2480        0.0002        6.5676        6.5678       4.319710       0.03076
  25     418.6        2.2537        0.0002        6.4741        6.4743       4.220623       0.03517
  24     442.4        2.2605        0.0002        6.3671        6.3673       4.106845       0.04039
  23     466.2        2.2685        0.0002        6.2486        6.2487       3.980232       0.04494
  22     489.9        2.2779        0.0002        6.1205        6.1207       3.842765       0.04880
  21     513.7        2.2892        0.0002        5.9812        5.9814       3.692236       0.05343
  20     537.5        2.3025        0.0002        5.8338        5.8340       3.531550       0.05704
  19     561.3        2.3182        0.0002        5.6819        5.6821       3.363942       0.05949
  18     585.0        2.3366        0.0002        5.5274        5.5276       3.191064       0.06136
  17     608.8        2.3577        0.0002        5.3761        5.3763       3.018556       0.06123
  16     632.6        2.3821        0.0002        5.2281        5.2283       2.846267       0.06116
  15     656.4        2.4110        0.0002        5.0791        5.0793       2.668290       0.06317
  14     680.1        2.4455        0.0002        4.9299        4.9301       2.484619       0.06520
  13     703.9        2.4867        0.0002        4.7798        4.7800       2.293254       0.06793
  12     727.7        2.5376        0.0002        4.6253        4.6255       2.087929       0.07288
  11     751.5        2.6019        0.0002        4.4633        4.4635       1.861570       0.08035
  10     775.2        2.6839        0.0002        4.2949        4.2951       1.611217       0.08886
   9     799.0        2.7903        0.0002        4.1205        4.1208       1.330468       0.09965
   8     822.8        1.8747        2.1654        0.7767        2.9422       1.067454       0.09336
   7     846.6        1.1859        1.9288        0.1465        2.0753       0.889401       0.06320
   6     870.4        0.5949        1.3459        0.0276        1.3736       0.778674       0.03930
   5     894.1        0.0470        0.7631        0.0052        0.7683       0.721264       0.02038
   4     917.9        0.0482        0.7320        0.0050        0.7370       0.688751       0.01154
   3     941.7        0.0496        0.7021        0.0048        0.7069       0.657286       0.01117
   2     965.5        0.0512        0.6734        0.0046        0.6780       0.626765       0.01083
   1     989.2        0.0530        0.6457        0.0044        0.6501       0.597082       0.01053
   0    1013.0        0.0552        0.6191        0.0042        0.6233       0.568095       0.01029



 Wavenumbers:  3250. -  4000. cm-1, ATM      1
 LEVEL PRESSURE   UPWARD FLUX   DIFDOWN FLUX  DIRDOWN FLUX  DOWNWARD FLUX   NET FLUX    HEATING RATE
          mb          W/m2          W/m2          W/m2        W/m2          W/m2       degree/day
  60   .000300        0.0318        0.0000       12.4485       12.4485      12.416677       0.00000
  59    0.1000        0.0318        0.0000       12.4290       12.4290      12.397175       1.65079
  58    0.1403        0.0318        0.0000       12.4252       12.4252      12.393461       0.77776
  57    0.1968        0.0318        0.0000       12.4208       12.4208      12.388988       0.66803
  56    0.2760        0.0318        0.0000       12.4156       12.4156      12.383825       0.55013
  55    0.3871        0.0318        0.0000       12.4096       12.4096      12.377792       0.45825
  54    0.5430        0.0318        0.0000       12.4022       12.4022      12.370464       0.39669
  53    0.7617        0.0318        0.0000       12.3928       12.3928      12.361004       0.36506
  52     1.069        0.0318        0.0000       12.3807       12.3807      12.348964       0.33119
  51     1.499        0.0318        0.0000       12.3664       12.3664      12.334606       0.28159
  50     2.102        0.0318        0.0000       12.3498       12.3498      12.317972       0.23256
  49     2.949        0.0318        0.0000       12.3302       12.3302      12.298438       0.19473
  48     4.137        0.0318        0.0000       12.3067       12.3068      12.274972       0.16675
  47     5.803        0.0318        0.0000       12.2766       12.2766      12.244855       0.15257
  46     8.139        0.0318        0.0000       12.2347       12.2348      12.202987       0.15121
  45     11.42        0.0318        0.0000       12.1733       12.1733      12.141573       0.15812
  44     16.01        0.0318        0.0000       12.0830       12.0830      12.051262       0.16577
  43     22.46        0.0318        0.0000       11.9527       11.9527      11.920972       0.17049
  42     31.51        0.0317        0.0000       11.7748       11.7748      11.743087       0.16594
  41     44.20        0.0317        0.0001       11.5551       11.5552      11.523450       0.14607
  40     62.00        0.0317        0.0001       11.3050       11.3051      11.273382       0.11856
  39     85.78        0.0317        0.0001       11.0142       11.0143      10.982594       0.10322
  38     109.5        0.0316        0.0001       10.7175       10.7176      10.685973       0.10529
  37     133.1        0.0316        0.0002       10.4459       10.4460      10.414426       0.09752
  36     156.8        0.0316        0.0002       10.1944       10.1946      10.163037       0.08914
  35     180.6        0.0316        0.0002        9.9218        9.9220       9.890478       0.09676
  34     202.8        0.0315        0.0002        9.5970        9.5973       9.565706       0.12331
  33     228.4        0.0315        0.0002        9.1820        9.1823       9.150763       0.13691
  32     252.2        0.0315        0.0003        8.7004        8.7006       8.669108       0.17097
  31     276.0        0.0315        0.0003        8.1693        8.1695       8.138010       0.18852
  30     299.8        0.0316        0.0003        7.5886        7.5889       7.557314       0.20612
  29     323.5        0.0316        0.0003        6.9823        6.9825       6.950910       0.21525
  28     347.3        0.0317        0.0003        6.3629        6.3631       6.331381       0.21991
  27     371.1        0.0319        0.0002        5.7699        5.7701       5.738239       0.21054
  26     394.9        0.0321        0.0002        5.2041        5.2043       5.172159       0.20093
  25     418.6        0.0325        0.0002        4.6962        4.6964       4.663910       0.18041
  24     442.4        0.0329        0.0002        4.2409        4.2411       4.208178       0.16177
  23     466.2        0.0335        0.0002        3.8328        3.8330       3.799410       0.14510
  22     489.9        0.0343        0.0002        3.4648        3.4650       3.430692       0.13088
  21     513.7        0.0354        0.0002        3.1218        3.1220       3.086598       0.12214
  20     537.5        0.0367        0.0002        2.8040        2.8042       2.767429       0.11329
  19     561.3        0.0385        0.0002        2.5083        2.5084       2.469913       0.10561
  18     585.0        0.0408        0.0001        2.2301        2.2302       2.189431       0.09956
  17     608.8        0.0437        0.0001        1.9731        1.9732       1.929506       0.09226
  16     632.6        0.0474        0.0001        1.7337        1.7338       1.686435       0.08628
  15     656.4        0.0524        0.0001        1.5041        1.5042       1.451855       0.08327
  14     680.1        0.0590        0.0001        1.2888        1.2889       1.229804       0.07882
  13     703.9        0.0682        0.0001        1.0908        1.0909       1.022683       0.07352
  12     727.7        0.0812        0.0001        0.9082        0.9083       0.827067       0.06944
  11     751.5        0.1007        0.0001        0.7390        0.7391       0.638381       0.06698
  10     775.2        0.1308        0.0000        0.5856        0.5857       0.454868       0.06514
   9     799.0        0.1796        0.0000        0.4484        0.4484       0.268870       0.06602
   8     822.8        0.0720        0.1298        0.0649        0.1947       0.122691       0.05189
   7     846.6        0.0276        0.0708        0.0091        0.0799       0.052307       0.02498
   6     870.4        0.0091        0.0296        0.0012        0.0309       0.021744       0.01085
   5     894.1        0.0000        0.0102        0.0002        0.0104       0.010390       0.00403
   4     917.9        0.0000        0.0060        0.0001        0.0061       0.006074       0.00153
   3     941.7        0.0000        0.0033        0.0001        0.0034       0.003352       0.00097
   2     965.5        0.0000        0.0017        0.0000        0.0018       0.001739       0.00057
   1     989.2        0.0000        0.0008        0.0000        0.0009       0.000830       0.00032
   0    1013.0        0.0001        0.0004        0.0000        0.0004       0.000325       0.00018



 Wavenumbers:  4000. -  4650. cm-1, ATM      1
 LEVEL PRESSURE   UPWARD FLUX   DIFDOWN FLUX  DIRDOWN FLUX  DOWNWARD FLUX   NET FLUX    HEATING RATE
          mb          W/m2          W/m2          W/m2        W/m2          W/m2       degree/day
  60   .000300        7.4366        0.0000       14.6183       14.6183       7.181700       0.00000
  59    0.1000        7.4366        0.0000       14.6182       14.6182       7.181691       0.00076
  58    0.1403        7.4366        0.0000       14.6182       14.6182       7.181687       0.00077
  57    0.1968        7.4366        0.0000       14.6182       14.6182       7.181682       0.00077
  56    0.2760        7.4366        0.0000       14.6182       14.6182       7.181675       0.00077
  55    0.3871        7.4366        0.0000       14.6182       14.6182       7.181664       0.00080
  54    0.5430        7.4366        0.0000       14.6182       14.6182       7.181649       0.00085
  53    0.7617        7.4366        0.0000       14.6182       14.6182       7.181624       0.00095
  52     1.069        7.4366        0.0000       14.6181       14.6181       7.181582       0.00114
  51     1.499        7.4366        0.0000       14.6180       14.6181       7.181505       0.00152
  50     2.102        7.4366        0.0000       14.6179       14.6179       7.181364       0.00197
  49     2.949        7.4366        0.0000       14.6176       14.6177       7.181110       0.00253
  48     4.137        7.4365        0.0000       14.6172       14.6172       7.180681       0.00305
  47     5.803        7.4365        0.0000       14.6165       14.6165       7.179987       0.00351
  46     8.139        7.4365        0.0000       14.6154       14.6155       7.178902       0.00392
  45     11.42        7.4365        0.0001       14.6137       14.6138       7.177227       0.00431
  44     16.01        7.4366        0.0001       14.6112       14.6112       7.174686       0.00466
  43     22.46        7.4366        0.0001       14.6074       14.6075       7.170892       0.00497
  42     31.51        7.4366        0.0002       14.6017       14.6018       7.165204       0.00531
  41     44.20        7.4367        0.0002       14.5927       14.5929       7.156198       0.00599
  40     62.00        7.4370        0.0003       14.5788       14.5791       7.142164       0.00665
  39     85.78        7.4374        0.0004       14.5592       14.5597       7.122260       0.00707
  38     109.5        7.4381        0.0006       14.5382       14.5387       7.100609       0.00769
  37     133.1        7.4390        0.0007       14.5177       14.5184       7.079453       0.00760
  36     156.8        7.4399        0.0008       14.4977       14.4985       7.058570       0.00741
  35     180.6        7.4411        0.0009       14.4759       14.4768       7.035706       0.00812
  34     202.8        7.4426        0.0010       14.4536       14.4547       7.012089       0.00897
  33     228.4        7.4445        0.0012       14.4280       14.4292       6.984712       0.00903
  32     252.2        7.4470        0.0013       14.3983       14.3996       6.952651       0.01138
  31     276.0        7.4501        0.0014       14.3635       14.3649       6.914886       0.01341
  30     299.8        7.4541        0.0015       14.3217       14.3232       6.869135       0.01624
  29     323.5        7.4591        0.0016       14.2720       14.2737       6.814590       0.01936
  28     347.3        7.4653        0.0018       14.2129       14.2147       6.749376       0.02315
  27     371.1        7.4722        0.0019       14.1438       14.1456       6.673407       0.02697
  26     394.9        7.4801        0.0020       14.0605       14.0624       6.582315       0.03233
  25     418.6        7.4890        0.0021       13.9639       13.9660       6.477006       0.03738
  24     442.4        7.4991        0.0022       13.8548       13.8570       6.357879       0.04229
  23     466.2        7.5104        0.0023       13.7365       13.7388       6.228371       0.04597
  22     489.9        7.5232        0.0024       13.6136       13.6160       6.092796       0.04812
  21     513.7        7.5381        0.0025       13.4859       13.4884       5.950374       0.05055
  20     537.5        7.5551        0.0026       13.3568       13.3594       5.804211       0.05188
  19     561.3        7.5749        0.0027       13.2261       13.2288       5.653837       0.05338
  18     585.0        7.5982        0.0028       13.0915       13.0943       5.496047       0.05601
  17     608.8        7.6249        0.0029       12.9542       12.9571       5.332120       0.05819
  16     632.6        7.6557        0.0030       12.8109       12.8139       5.158205       0.06173
  15     656.4        7.6924        0.0030       12.6541       12.6571       4.964725       0.06868
  14     680.1        7.7363        0.0031       12.4832       12.4864       4.750089       0.07619
  13     703.9        7.7891        0.0032       12.2977       12.3009       4.511830       0.08457
  12     727.7        7.8546        0.0032       12.0950       12.0982       4.243643       0.09520
  11     751.5        7.9386        0.0033       11.8732       11.8765       3.937917       0.10852
  10     775.2        8.0475        0.0034       11.6374       11.6408       3.593234       0.12235
   9     799.0        8.1924        0.0034       11.3910       11.3944       3.201975       0.13888
   8     822.8        5.7306        6.3701        2.1951        8.5651       2.834526       0.13043
   7     846.6        3.7262        5.8899        0.4234        6.3132       2.586996       0.08786
   6     870.4        1.8859        4.2363        0.0817        4.3181       2.432197       0.05495
   5     894.1        0.1131        2.4485        0.0158        2.4643       2.351265       0.02873
   4     917.9        0.1143        2.4037        0.0155        2.4192       2.304923       0.01645
   3     941.7        0.1156        2.3594        0.0152        2.3746       2.258979       0.01631
   2     965.5        0.1172        2.3156        0.0149        2.3305       2.213294       0.01622
   1     989.2        0.1191        2.2722        0.0146        2.2868       2.167746       0.01616
   0    1013.0        0.1212        2.2291        0.0144        2.2435       2.122290       0.01614



 Wavenumbers:  4650. -  5150. cm-1, ATM      1
 LEVEL PRESSURE   UPWARD FLUX   DIFDOWN FLUX  DIRDOWN FLUX  DOWNWARD FLUX   NET FLUX    HEATING RATE
          mb          W/m2          W/m2          W/m2        W/m2          W/m2       degree/day
  60   .000300        5.4659        0.0000       13.8369       13.8369       8.370963       0.00000
  59    0.1000        5.4659        0.0000       13.8347       13.8347       8.368845       0.17929
  58    0.1403        5.4659        0.0000       13.8339       13.8339       8.368006       0.17564
  57    0.1968        5.4659        0.0000       13.8327       13.8327       8.366841       0.17409
  56    0.2760        5.4659        0.0000       13.8312       13.8312       8.365251       0.16936
  55    0.3871        5.4659        0.0000       13.8290       13.8290       8.363071       0.16558
  54    0.5430        5.4659        0.0000       13.8260       13.8260       8.360136       0.15891
  53    0.7617        5.4659        0.0000       13.8221       13.8221       8.356232       0.15065
  52     1.069        5.4659        0.0000       13.8170       13.8170       8.351078       0.14175
  51     1.499        5.4659        0.0000       13.8105       13.8105       8.344594       0.12717
  50     2.102        5.4659        0.0000       13.8026       13.8026       8.336722       0.11006
  49     2.949        5.4659        0.0000       13.7933       13.7933       8.327422       0.09270
  48     4.137        5.4659        0.0000       13.7830       13.7831       8.317175       0.07282
  47     5.803        5.4659        0.0000       13.7724       13.7724       8.306520       0.05397
  46     8.139        5.4659        0.0001       13.7615       13.7616       8.295679       0.03915
  45     11.42        5.4659        0.0001       13.7497       13.7498       8.283883       0.03037
  44     16.01        5.4660        0.0001       13.7347       13.7348       8.268806       0.02767
  43     22.46        5.4661        0.0002       13.7122       13.7123       8.246224       0.02955
  42     31.51        5.4663        0.0002       13.6758       13.6761       8.209743       0.03403
  41     44.20        5.4667        0.0003       13.6167       13.6171       8.150323       0.03952
  40     62.00        5.4675        0.0005       13.5244       13.5249       8.057372       0.04407
  39     85.78        5.4688        0.0006       13.3944       13.3951       7.926230       0.04655
  38     109.5        5.4706        0.0008       13.2650       13.2658       7.795285       0.04648
  37     133.1        5.4726        0.0010       13.1487       13.1497       7.677113       0.04244
  36     156.8        5.4750        0.0011       13.0449       13.0460       7.570999       0.03763
  35     180.6        5.4780        0.0013       12.9437       12.9450       7.466977       0.03693
  34     202.8        5.4813        0.0014       12.8534       12.8549       7.373527       0.03548
  33     228.4        5.4854        0.0016       12.7658       12.7674       7.282030       0.03019
  32     252.2        5.4901        0.0018       12.6801       12.6819       7.191809       0.03202
  31     276.0        5.4957        0.0019       12.5950       12.5969       7.101279       0.03213
  30     299.8        5.5025        0.0021       12.5053       12.5074       7.004840       0.03423
  29     323.5        5.5109        0.0022       12.4093       12.4115       6.900612       0.03700
  28     347.3        5.5206        0.0024       12.3075       12.3098       6.789272       0.03952
  27     371.1        5.5317        0.0025       12.1993       12.2018       6.670086       0.04231
  26     394.9        5.5447        0.0027       12.0815       12.0842       6.539436       0.04638
  25     418.6        5.5597        0.0028       11.9549       11.9576       6.397958       0.05022
  24     442.4        5.5768        0.0029       11.8185       11.8215       6.244693       0.05440
  23     466.2        5.5961        0.0030       11.6730       11.6761       6.079908       0.05849
  22     489.9        5.6179        0.0032       11.5203       11.5235       5.905547       0.06189
  21     513.7        5.6427        0.0033       11.3577       11.3609       5.718256       0.06648
  20     537.5        5.6706        0.0034       11.1878       11.1912       5.520612       0.07016
  19     561.3        5.7022        0.0035       11.0105       11.0140       5.311753       0.07414
  18     585.0        5.7384        0.0036       10.8249       10.8285       5.090104       0.07868
  17     608.8        5.7787        0.0037       10.6366       10.6403       4.861568       0.08112
  16     632.6        5.8240        0.0038       10.4463       10.4501       4.626163       0.08356
  15     656.4        5.8763        0.0039       10.2497       10.2536       4.377260       0.08835
  14     680.1        5.9360        0.0039       10.0509       10.0549       4.118928       0.09170
  13     703.9        6.0042        0.0040        9.8514        9.8554       3.851221       0.09502
  12     727.7        6.0842        0.0041        9.6483        9.6524       3.568217       0.10045
  11     751.5        6.1801        0.0042        9.4402        9.4444       3.264264       0.10789
  10     775.2        6.2953        0.0042        9.2294        9.2336       2.938309       0.11570
   9     799.0        6.4358        0.0043        9.0169        9.0211       2.585301       0.12530
   8     822.8        4.4790        5.0076        1.7353        6.7429       2.263875       0.11409
   7     846.6        2.8997        4.6053        0.3343        4.9396       2.039931       0.07949
   6     870.4        1.4648        3.2973        0.0644        3.3617       1.896873       0.05078
   5     894.1        0.0880        1.8972        0.0124        1.9097       1.821624       0.02671
   4     917.9        0.0893        1.8558        0.0122        1.8679       1.778632       0.01526
   3     941.7        0.0907        1.8152        0.0119        1.8271       1.736425       0.01498
   2     965.5        0.0922        1.7757        0.0116        1.7873       1.695152       0.01465
   1     989.2        0.0939        1.7373        0.0114        1.7487       1.654776       0.01433
   0    1013.0        0.0959        1.6999        0.0112        1.7111       1.615233       0.01404



 Wavenumbers:  5150. -  6150. cm-1, ATM      1
 LEVEL PRESSURE   UPWARD FLUX   DIFDOWN FLUX  DIRDOWN FLUX  DOWNWARD FLUX   NET FLUX    HEATING RATE
          mb          W/m2          W/m2          W/m2        W/m2          W/m2       degree/day
  60   .000300       12.7094        0.0000       34.6891       34.6891      21.979656       0.00000
  59    0.1000       12.7094        0.0000       34.6886       34.6886      21.979159       0.04204
  58    0.1403       12.7094        0.0000       34.6884       34.6884      21.978959       0.04197
  57    0.1968       12.7094        0.0000       34.6881       34.6881      21.978677       0.04214
  56    0.2760       12.7094        0.0000       34.6877       34.6877      21.978285       0.04170
  55    0.3871       12.7094        0.0000       34.6871       34.6872      21.977735       0.04181
  54    0.5430       12.7094        0.0000       34.6864       34.6864      21.976968       0.04151
  53    0.7617       12.7094        0.0000       34.6853       34.6853      21.975897       0.04132
  52     1.069       12.7094        0.0000       34.6838       34.6838      21.974388       0.04152
  51     1.499       12.7094        0.0001       34.6817       34.6817      21.972293       0.04109
  50     2.102       12.7094        0.0001       34.6787       34.6788      21.969394       0.04053
  49     2.949       12.7094        0.0001       34.6746       34.6747      21.965298       0.04083
  48     4.137       12.7094        0.0001       34.6689       34.6690      21.959596       0.04052
  47     5.803       12.7095        0.0002       34.6610       34.6612      21.951727       0.03986
  46     8.139       12.7096        0.0003       34.6502       34.6505      21.940937       0.03897
  45     11.42       12.7097        0.0004       34.6356       34.6359      21.926274       0.03775
  44     16.01       12.7098        0.0005       34.6159       34.6164      21.906597       0.03612
  43     22.46       12.7101        0.0007       34.5899       34.5907      21.880574       0.03405
  42     31.51       12.7105        0.0010       34.5564       34.5574      21.846917       0.03140
  41     44.20       12.7112        0.0015       34.5139       34.5154      21.804217       0.02840
  40     62.00       12.7123        0.0021       34.4619       34.4639      21.751606       0.02494
  39     85.78       12.7140        0.0028       34.4020       34.4048      21.690849       0.02157
  38     109.5       12.7158        0.0036       34.3491       34.3527      21.636975       0.01912
  37     133.1       12.7175        0.0044       34.3031       34.3075      21.589965       0.01688
  36     156.8       12.7193        0.0051       34.2595       34.2646      21.545308       0.01584
  35     180.6       12.7212        0.0059       34.2031       34.2090      21.487738       0.02044
  34     202.8       12.7232        0.0067       34.1091       34.1158      21.392642       0.03611
  33     228.4       12.7252        0.0074       33.9252       33.9326      21.207383       0.06112
  32     252.2       12.7275        0.0081       33.6087       33.6168      20.889292       0.11291
  31     276.0       12.7299        0.0088       33.1225       33.1313      20.401392       0.17318
  30     299.8       12.7328        0.0094       32.4763       32.4857      19.752973       0.23016
  29     323.5       12.7361        0.0100       31.7610       31.7709      19.034826       0.25491
  28     347.3       12.7401        0.0105       31.0137       31.0242      18.284088       0.26648
  27     371.1       12.7449        0.0110       30.2247       30.2357      17.490778       0.28159
  26     394.9       12.7507        0.0114       29.3520       29.3634      16.612733       0.31167
  25     418.6       12.7576        0.0118       28.4400       28.4518      15.694230       0.32603
  24     442.4       12.7660        0.0122       27.5194       27.5316      14.765632       0.32961
  23     466.2       12.7759        0.0126       26.6227       26.6353      13.859365       0.32169
  22     489.9       12.7878        0.0129       25.7669       25.7798      12.991901       0.30791
  21     513.7       12.8025        0.0132       24.9371       24.9503      12.147782       0.29963
  20     537.5       12.8203        0.0135       24.1537       24.1673      11.346927       0.28427
  19     561.3       12.8421        0.0138       23.4247       23.4386      10.596493       0.26637
  18     585.0       12.8687        0.0141       22.7500       22.7641       9.895455       0.24884
  17     608.8       12.9004        0.0145       22.1480       22.1625       9.262050       0.22483
  16     632.6       12.9383        0.0148       21.6116       21.6264       8.688048       0.20375
  15     656.4       12.9852        0.0151       21.1193       21.1344       8.149246       0.19125
  14     680.1       13.0430        0.0154       20.6722       20.6876       7.644663       0.17911
  13     703.9       13.1143        0.0158       20.2664       20.2821       7.167800       0.16927
  12     727.7       13.2048        0.0161       19.8884       19.9045       6.699703       0.16615
  11     751.5       13.3222        0.0164       19.5264       19.5429       6.220684       0.17003
  10     775.2       13.4755        0.0167       19.1765       19.1933       5.717777       0.17851
   9     799.0       13.6790        0.0170       18.8290       18.8460       5.167064       0.19548
   8     822.8        9.6325       10.6436        3.6414       14.2849       4.652466       0.18266
   7     846.6        6.2991        9.8963        0.7045       10.6008       4.301671       0.12452
   6     870.4        3.2120        7.1574        0.1364        7.2937       4.081750       0.07806
   5     894.1        0.2214        4.1629        0.0264        4.1894       3.967934       0.04040
   4     917.9        0.2226        4.1013        0.0260        4.1273       3.904642       0.02247
   3     941.7        0.2240        4.0426        0.0255        4.0681       3.844114       0.02148
   2     965.5        0.2257        3.9874        0.0251        4.0126       3.786875       0.02032
   1     989.2        0.2277        3.9358        0.0247        3.9605       3.732828       0.01918
   0    1013.0        0.2301        3.8873        0.0244        3.9117       3.681559       0.01820



 Wavenumbers:  6150. -  7700. cm-1, ATM      1
 LEVEL PRESSURE   UPWARD FLUX   DIFDOWN FLUX  DIRDOWN FLUX  DOWNWARD FLUX   NET FLUX    HEATING RATE
          mb          W/m2          W/m2          W/m2        W/m2          W/m2       degree/day
  60   .000300       20.0379        0.0000       64.1588       64.1588      44.120828       0.00000
  59    0.1000       20.0379        0.0000       64.1581       64.1581      44.120168       0.05584
  58    0.1403       20.0379        0.0000       64.1578       64.1578      44.119901       0.05593
  57    0.1968       20.0379        0.0000       64.1574       64.1575      44.119524       0.05625
  56    0.2760       20.0379        0.0000       64.1569       64.1569      44.119000       0.05580
  55    0.3871       20.0379        0.0001       64.1561       64.1562      44.118263       0.05604
  54    0.5430       20.0379        0.0001       64.1551       64.1551      44.117232       0.05578
  53    0.7617       20.0379        0.0001       64.1536       64.1537      44.115791       0.05562
  52     1.069       20.0379        0.0001       64.1515       64.1516      44.113759       0.05590
  51     1.499       20.0378        0.0002       64.1486       64.1488      44.110942       0.05525
  50     2.102       20.0378        0.0003       64.1446       64.1448      44.107053       0.05437
  49     2.949       20.0377        0.0004       64.1389       64.1393      44.101568       0.05468
  48     4.137       20.0376        0.0006       64.1310       64.1316      44.093936       0.05423
  47     5.803       20.0375        0.0008       64.1201       64.1209      44.083386       0.05344
  46     8.139       20.0373        0.0011       64.1051       64.1062      44.068851       0.05249
  45     11.42       20.0371        0.0015       64.0845       64.0860      44.048933       0.05128
  44     16.01       20.0368        0.0022       64.0565       64.0586      44.021881       0.04965
  43     22.46       20.0363        0.0030       64.0187       64.0217      43.985449       0.04767
  42     31.51       20.0356        0.0043       63.9683       63.9726      43.936934       0.04526
  41     44.20       20.0347        0.0060       63.9021       63.9081      43.873378       0.04227
  40     62.00       20.0334        0.0084       63.8170       63.8254      43.791924       0.03862
  39     85.78       20.0318        0.0115       63.7137       63.7252      43.693487       0.03494
  38     109.5       20.0301        0.0148       63.6174       63.6322      43.602122       0.03243
  37     133.1       20.0285        0.0179       63.5307       63.5485      43.520083       0.02946
  36     156.8       20.0269        0.0209       63.4470       63.4679      43.440952       0.02806
  35     180.6       20.0253        0.0241       63.3411       63.3652      43.339869       0.03589
  34     202.8       20.0239        0.0271       63.1774       63.2045      43.180623       0.06046
  33     228.4       20.0227        0.0302       62.8910       62.9212      42.898515       0.09308
  32     252.2       20.0218        0.0331       62.4548       62.4879      42.466158       0.15347
  31     276.0       20.0214        0.0359       61.8034       61.8393      41.817874       0.23011
  30     299.8       20.0220        0.0385       60.8493       60.8878      40.865789       0.33795
  29     323.5       20.0238        0.0409       59.6406       59.6815      39.657709       0.42882
  28     347.3       20.0273        0.0431       58.2994       58.3425      38.315117       0.47657
  27     371.1       20.0329        0.0451       56.9373       56.9824      36.949535       0.48473
  26     394.9       20.0412        0.0470       55.4853       55.5324      35.491139       0.51767
  25     418.6       20.0528        0.0487       53.9434       53.9921      33.939273       0.55085
  24     442.4       20.0685        0.0503       52.3152       52.3654      32.296935       0.58296
  23     466.2       20.0889        0.0517       50.6699       50.7215      30.632679       0.59074
  22     489.9       20.1147        0.0530       49.0609       49.1139      28.999213       0.57981
  21     513.7       20.1479        0.0542       47.4627       47.5169      27.369002       0.57866
  20     537.5       20.1897        0.0553       45.9016       45.9569      25.767210       0.56857
  19     561.3       20.2420        0.0563       44.3828       44.4391      24.197084       0.55733
  18     585.0       20.3073        0.0572       42.9069       42.9641      22.656796       0.54674
  17     608.8       20.3862        0.0581       41.5192       41.5774      21.191175       0.52024
  16     632.6       20.4813        0.0590       40.2123       40.2713      19.790004       0.49736
  15     656.4       20.5999        0.0598       38.9372       38.9970      18.397121       0.49442
  14     680.1       20.7473        0.0605       37.7038       37.7644      17.017070       0.48986
  13     703.9       20.9311        0.0612       36.5148       36.5760      15.644841       0.48708
  12     727.7       21.1666        0.0618       35.3478       35.4096      14.243014       0.49759
  11     751.5       21.4782        0.0623       34.1879       34.2502      12.772019       0.52214
  10     775.2       21.8940        0.0627       33.0529       33.1157      11.221618       0.55033
   9     799.0       22.4667        0.0630       31.9455       32.0086       9.541831       0.59626
   8     822.8       15.4981       17.4580        6.0849       23.5429       8.044744       0.53140
   7     846.6        9.9928       15.9265        1.1619       17.0885       7.095637       0.33689
   6     870.4        5.0440       11.3506        0.2223       11.5730       6.528927       0.20116
   5     894.1        0.3263        6.5259        0.0426        6.5685       6.242147       0.10180
   4     917.9        0.3295        6.3721        0.0415        6.4136       6.084020       0.05613
   3     941.7        0.3334        6.2256        0.0404        6.2660       5.932636       0.05374
   2     965.5        0.3379        6.0865        0.0394        6.1259       5.788020       0.05133
   1     989.2        0.3433        5.9544        0.0385        5.9929       5.649642       0.04911
   0    1013.0        0.3498        5.8285        0.0376        5.8661       5.516322       0.04733



 Wavenumbers:  7700. -  8050. cm-1, ATM      1
 LEVEL PRESSURE   UPWARD FLUX   DIFDOWN FLUX  DIRDOWN FLUX  DOWNWARD FLUX   NET FLUX    HEATING RATE
          mb          W/m2          W/m2          W/m2        W/m2          W/m2       degree/day
  60   .000300        9.7487        0.0000       15.1626       15.1626       5.413965       0.00000
  59    0.1000        9.7487        0.0000       15.1625       15.1625       5.413740       0.01902
  58    0.1403        9.7488        0.0000       15.1624       15.1624       5.413649       0.01913
  57    0.1968        9.7488        0.0000       15.1623       15.1623       5.413520       0.01924
  56    0.2760        9.7488        0.0000       15.1622       15.1622       5.413341       0.01908
  55    0.3871        9.7489        0.0000       15.1620       15.1620       5.413089       0.01917
  54    0.5430        9.7490        0.0000       15.1617       15.1617       5.412736       0.01909
  53    0.7617        9.7491        0.0000       15.1613       15.1614       5.412242       0.01905
  52     1.069        9.7493        0.0001       15.1608       15.1609       5.411545       0.01919
  51     1.499        9.7496        0.0001       15.1601       15.1602       5.410575       0.01901
  50     2.102        9.7500        0.0001       15.1591       15.1592       5.409231       0.01879
  49     2.949        9.7505        0.0002       15.1576       15.1578       5.407324       0.01901
  48     4.137        9.7513        0.0003       15.1556       15.1559       5.404647       0.01902
  47     5.803        9.7523        0.0004       15.1528       15.1532       5.400904       0.01896
  46     8.139        9.7538        0.0005       15.1489       15.1494       5.395668       0.01891
  45     11.42        9.7558        0.0007       15.1434       15.1442       5.388336       0.01888
  44     16.01        9.7587        0.0010       15.1358       15.1368       5.378085       0.01882
  43     22.46        9.7628        0.0015       15.1251       15.1265       5.363734       0.01878
  42     31.51        9.7685        0.0020       15.1101       15.1122       5.343650       0.01874
  41     44.20        9.7766        0.0029       15.0892       15.0921       5.315512       0.01871
  40     62.00        9.7880        0.0040       15.0604       15.0644       5.276428       0.01853
  39     85.78        9.8033        0.0055       15.0223       15.0278       5.224535       0.01842
  38     109.5        9.8191        0.0071       14.9841       14.9912       5.172107       0.01861
  37     133.1        9.8345        0.0085       14.9478       14.9564       5.121887       0.01803
  36     156.8        9.8497        0.0100       14.9129       14.9229       5.073247       0.01725
  35     180.6        9.8660        0.0115       14.8763       14.8878       5.021808       0.01826
  34     202.8        9.8819        0.0129       14.8414       14.8544       4.972471       0.01873
  33     228.4        9.8984        0.0144       14.8062       14.8207       4.922285       0.01656
  32     252.2        9.9151        0.0159       14.7713       14.7872       4.872067       0.01783
  31     276.0        9.9319        0.0174       14.7370       14.7544       4.822461       0.01761
  30     299.8        9.9492        0.0189       14.7027       14.7216       4.772426       0.01776
  29     323.5        9.9668        0.0203       14.6685       14.6889       4.722102       0.01786
  28     347.3        9.9846        0.0218       14.6347       14.6565       4.671921       0.01781
  27     371.1       10.0026        0.0232       14.6014       14.6246       4.621993       0.01772
  26     394.9       10.0214        0.0247       14.5675       14.5922       4.570836       0.01816
  25     418.6       10.0407        0.0262       14.5336       14.5598       4.519103       0.01836
  24     442.4       10.0605        0.0276       14.4995       14.5271       4.466610       0.01863
  23     466.2       10.0810        0.0290       14.4651       14.4942       4.413133       0.01898
  22     489.9       10.1020        0.0305       14.4307       14.4612       4.359213       0.01914
  21     513.7       10.1239        0.0319       14.3957       14.4276       4.303701       0.01970
  20     537.5       10.1465        0.0333       14.3603       14.3937       4.247211       0.02005
  19     561.3       10.1698        0.0347       14.3246       14.3593       4.189494       0.02049
  18     585.0       10.1946        0.0361       14.2875       14.3237       4.129097       0.02144
  17     608.8       10.2202        0.0375       14.2500       14.2876       4.067316       0.02193
  16     632.6       10.2469        0.0389       14.2119       14.2508       4.003935       0.02250
  15     656.4       10.2754        0.0403       14.1722       14.2125       3.937148       0.02371
  14     680.1       10.3054        0.0417       14.1314       14.1730       3.867635       0.02467
  13     703.9       10.3372        0.0430       14.0891       14.1321       3.794911       0.02581
  12     727.7       10.3716        0.0444       14.0446       14.0890       3.717364       0.02753
  11     751.5       10.4092        0.0457       13.9973       14.0430       3.633790       0.02967
  10     775.2       10.4501        0.0470       13.9473       13.9944       3.544223       0.03179
   9     799.0       10.4949        0.0483       13.8944       13.9427       3.447786       0.03423
   8     822.8        7.5675        8.1943        2.7262       10.9205       3.353021       0.03364
   7     846.6        5.0254        7.7681        0.5349        8.3030       3.277591       0.02677
   6     870.4        2.5951        5.7148        0.1050        5.8197       3.224641       0.01880
   5     894.1        0.1952        3.3693        0.0206        3.3899       3.194682       0.01063
   4     917.9        0.1959        3.3516        0.0205        3.3721       3.176195       0.00656
   3     941.7        0.1967        3.3334        0.0204        3.3538       3.157052       0.00679
   2     965.5        0.1976        3.3146        0.0203        3.3349       3.137356       0.00699
   1     989.2        0.1985        3.2954        0.0202        3.3156       3.117096       0.00719
   0    1013.0        0.1995        3.2757        0.0201        3.2958       3.096270       0.00739



 Wavenumbers:  8050. - 12850. cm-1, ATM      1
 LEVEL PRESSURE   UPWARD FLUX   DIFDOWN FLUX  DIRDOWN FLUX  DOWNWARD FLUX   NET FLUX    HEATING RATE
          mb          W/m2          W/m2          W/m2        W/m2          W/m2       degree/day
  60   .000300      122.2909        0.0000      212.2880      212.2880      89.997078       0.00000
  59    0.1000      122.2908        0.0003      212.2876      212.2879      89.997078       0.00000
  58    0.1403      122.2908        0.0004      212.2874      212.2879      89.997078      -0.00000
  57    0.1968      122.2907        0.0006      212.2872      212.2878      89.997078      -0.00000
  56    0.2760      122.2907        0.0009      212.2869      212.2877      89.997078       0.00000
  55    0.3871      122.2906        0.0012      212.2864      212.2876      89.997078      -0.00000
  54    0.5430      122.2904        0.0017      212.2858      212.2875      89.997078       0.00000
  53    0.7617      122.2902        0.0024      212.2850      212.2873      89.997078       0.00000
  52     1.069      122.2900        0.0033      212.2837      212.2871      89.997078       0.00000
  51     1.499      122.2896        0.0046      212.2820      212.2867      89.997078      -0.00000
  50     2.102      122.2891        0.0065      212.2797      212.2862      89.997078      -0.00000
  49     2.949      122.2884        0.0091      212.2763      212.2854      89.997078       0.00000
  48     4.137      122.2874        0.0128      212.2717      212.2844      89.997078      -0.00000
  47     5.803      122.2859        0.0179      212.2651      212.2830      89.997078       0.00000
  46     8.139      122.2839        0.0251      212.2559      212.2810      89.997078      -0.00000
  45     11.42      122.2811        0.0352      212.2430      212.2782      89.997078       0.00000
  44     16.01      122.2772        0.0493      212.2250      212.2743      89.997078       0.00000
  43     22.46      122.2717        0.0691      212.1998      212.2688      89.997078      -0.00000
  42     31.51      122.2640        0.0968      212.1643      212.2611      89.997078       0.00000
  41     44.20      122.2532        0.1358      212.1145      212.2503      89.997078      -0.00000
  40     62.00      122.2381        0.1901      212.0450      212.2352      89.997078      -0.00000
  39     85.78      122.2179        0.2628      211.9522      212.2150      89.997078       0.00000
  38     109.5      122.1980        0.3366      211.8451      212.1817      89.983777       0.00472
  37     133.1      122.1787        0.4077      211.7421      212.1498      89.971053       0.00457
  36     156.8      122.1599        0.4768      211.6412      212.1180      89.958035       0.00462
  35     180.6      122.1400        0.5504      211.5292      212.0795      89.939538       0.00657
  34     202.8      122.1210        0.6211      211.4041      212.0253      89.904289       0.01338
  33     228.4      122.1020        0.6933      211.2349      211.9282      89.826263       0.02574
  32     252.2      122.0840        0.7656      211.0003      211.7659      89.681893       0.05125
  31     276.0      122.0682        0.8368      210.6760      211.5128      89.444614       0.08422
  30     299.8      122.0555        0.9083      210.2328      211.1410      89.085552       0.12745
  29     323.5      122.0476        0.9796      209.6743      210.6539      88.606238       0.17014
  28     347.3      122.0466        1.0499      209.0175      210.0674      88.020751       0.20782
  27     371.1      122.0536        1.1189      208.2872      209.4061      87.352456       0.23722
  26     394.9      122.0711        1.1883      207.4416      208.6299      86.558725       0.28174
  25     418.6      122.1015        1.2568      206.4758      207.7327      85.631114       0.32926
  24     442.4      122.1481        1.3245      205.3737      206.6982      84.550140       0.38370
  23     466.2      122.2129        1.3916      204.1488      205.5404      83.327493       0.43399
  22     489.9      122.2985        1.4571      202.8236      204.2807      81.982225       0.47751
  21     513.7      122.4113        1.5219      201.3667      202.8887      80.477355       0.53417
  20     537.5      122.5558        1.5851      199.7935      201.3786      78.822820       0.58729
  19     561.3      122.7382        1.6466      198.0998      199.7464      77.008125       0.64414
  18     585.0      122.9670        1.7078      196.2781      197.9859      75.018930       0.70608
  17     608.8      123.2428        1.7673      194.3934      196.1608      72.918023       0.74574
  16     632.6      123.5734        1.8252      192.4530      194.2781      70.704705       0.78564
  15     656.4      123.9832        1.8824      190.4000      192.2824      68.299219       0.85385
  14     680.1      124.4881        1.9375      188.2528      190.1903      65.702168       0.92185
  13     703.9      125.1104        1.9905      186.0204      188.0109      62.900542       0.99446
  12     727.7      125.8942        2.0421      183.6647      185.7068      59.812601       1.09609
  11     751.5      126.9060        2.0917      181.1466      183.2383      56.332236       1.23539
  10     775.2      128.2094        2.1385      178.4925      180.6309      52.421576       1.38812
   9     799.0      129.9110        2.1824      175.7106      177.8930      47.982036       1.57585
   8     822.8       91.8836      101.5726       34.0572      135.6297      43.746161       1.50356
   7     846.6       60.2643       94.4562        6.6022      101.0584      40.794158       1.04784
   6     870.4       30.8392       68.4671        1.2805       69.7476      38.908458       0.66935
   5     894.1        2.2654       39.9285        0.2484       40.1769      37.911512       0.35387
   4     917.9        2.2742       39.3684        0.2447       39.6130      37.338812       0.20328
   3     941.7        2.2855       38.8175        0.2410       39.0585      36.772965       0.20085
   2     965.5        2.2997       38.2789        0.2374       38.5163      36.216619       0.19748
   1     989.2        2.3172       37.7517        0.2339       37.9856      35.668385       0.19456
   0    1013.0        2.3389       37.2358        0.2305       37.4663      35.127390       0.19207



 Wavenumbers: 12850. - 16000. cm-1, ATM      1
 LEVEL PRESSURE   UPWARD FLUX   DIFDOWN FLUX  DIRDOWN FLUX  DOWNWARD FLUX   NET FLUX    HEATING RATE
          mb          W/m2          W/m2          W/m2        W/m2          W/m2       degree/day
  60   .000300       89.0016        0.0000      133.0172      133.0172      44.015562       0.00000
  59    0.1000       89.0016        0.0007      133.0095      133.0102      44.008575       0.59138
  58    0.1403       89.0017        0.0009      133.0064      133.0074      44.005683       0.60573
  57    0.1968       89.0019        0.0013      133.0021      133.0035      44.001576       0.61342
  56    0.2760       89.0022        0.0019      132.9962      132.9980      43.995836       0.61157
  55    0.3871       89.0028        0.0026      132.9880      132.9906      43.987806       0.60995
  54    0.5430       89.0038        0.0037      132.9769      132.9806      43.976733       0.59941
  53    0.7617       89.0058        0.0051      132.9618      132.9670      43.961221       0.59859
  52     1.069       89.0094        0.0072      132.9413      132.9485      43.939136       0.60750
  51     1.499       89.0160        0.0101      132.9135      132.9236      43.907579       0.61890
  50     2.102       89.0285        0.0141      132.8748      132.8890      43.860495       0.65830
  49     2.949       89.0521        0.0198      132.8176      132.8373      43.785267       0.74989
  48     4.137       89.0933        0.0278      132.7325      132.7603      43.667001       0.84040
  47     5.803       89.1566        0.0389      132.6115      132.6504      43.493763       0.87759
  46     8.139       89.2431        0.0544      132.4493      132.5038      43.260629       0.84198
  45     11.42       89.3517        0.0762      132.2424      132.3186      42.966894       0.75626
  44     16.01       89.4838        0.1066      131.9828      132.0894      42.605594       0.66317
  43     22.46       89.6414        0.1492      131.6592      131.8084      42.166947       0.57399
  42     31.51       89.8150        0.2087      131.2747      131.4834      41.668477       0.46500
  41     44.20       89.9819        0.2923      130.8450      131.1374      41.155496       0.34115
  40     62.00       90.1334        0.4088      130.3669      130.7757      40.642275       0.24333
  39     85.78       90.2335        0.5642      129.8828      130.4471      40.213584       0.15217
  38     109.5       90.2963        0.7235      129.4797      130.2031      39.906865       0.10887
  37     133.1       90.3389        0.8765      129.1217      129.9982      39.659322       0.08890
  36     156.8       90.3707        1.0251      128.7892      129.8144      39.443658       0.07647
  35     180.6       90.3917        1.1829      128.4511      129.6340      39.242327       0.07148
  34     202.8       90.3998        1.3347      128.1377      129.4724      39.072609       0.06444
  33     228.4       90.4023        1.4892      127.8216      129.3108      38.908484       0.05415
  32     252.2       90.4018        1.6439      127.5049      129.1488      38.746987       0.05732
  31     276.0       90.3987        1.7966      127.1922      128.9887      38.590012       0.05572
  30     299.8       90.3943        1.9502      126.8751      128.8253      38.431015       0.05644
  29     323.5       90.3908        2.1039      126.5537      128.6576      38.266820       0.05828
  28     347.3       90.3892        2.2560      126.2298      128.4858      38.096565       0.06043
  27     371.1       90.3900        2.4060      125.9047      128.3107      37.920684       0.06243
  26     394.9       90.3942        2.5577      125.5688      128.1265      37.732343       0.06685
  25     418.6       90.4028        2.7088      125.2257      127.9345      37.531677       0.07123
  24     442.4       90.4171        2.8593      124.8736      127.7329      37.315797       0.07663
  23     466.2       90.4377        3.0099      124.5111      127.5210      37.083273       0.08254
  22     489.9       90.4654        3.1584      124.1420      127.3004      36.834993       0.08813
  21     513.7       90.5024        3.3072      123.7577      127.0649      36.562439       0.09675
  20     537.5       90.5501        3.4541      123.3614      126.8155      36.265403       0.10544
  19     561.3       90.6104        3.5992      122.9509      126.5501      35.939698       0.11561
  18     585.0       90.6856        3.7457      122.5175      126.2632      35.577619       0.12852
  17     608.8       90.7730        3.8899      122.0752      125.9651      35.192132       0.13683
  16     632.6       90.8742        4.0319      121.6228      125.6547      34.780506       0.14611
  15     656.4       90.9950        4.1744      121.1473      125.3218      34.326770       0.16106
  14     680.1       91.1383        4.3144      120.6531      124.9675      33.829219       0.17661
  13     703.9       91.3084        4.4517      120.1376      124.5893      33.280874       0.19464
  12     727.7       91.5146        4.5882      119.5892      124.1774      32.662799       0.21939
  11     751.5       91.7652        4.7237      119.0038      123.7275      31.962246       0.24867
  10     775.2       92.0669        4.8561      118.3848      123.2409      31.174050       0.27978
   9     799.0       92.4308        4.9853      117.7284      122.7137      30.282883       0.31633
   8     822.8       66.8113       73.1497       23.0592       96.2089      29.397624       0.31423
   7     846.6       44.5748       68.7775        4.5160       73.2934      28.718667       0.24100
   6     870.4       23.2158       50.5837        0.8844       51.4681      28.252312       0.16554
   5     894.1        2.1592       29.9789        0.1732       30.1521      27.992890       0.09208
   4     917.9        2.1475       29.8107        0.1721       29.9828      27.835231       0.05596
   3     941.7        2.1366       29.6398        0.1710       29.8109      27.674282       0.05713
   2     965.5        2.1265       29.4676        0.1699       29.6376      27.511040       0.05794
   1     989.2        2.1174       29.2943        0.1688       29.4631      27.345718       0.05867
   0    1013.0        2.1093       29.1199        0.1677       29.2876      27.178300       0.05944



 Wavenumbers: 16000. - 22650. cm-1, ATM      1
 LEVEL PRESSURE   UPWARD FLUX   DIFDOWN FLUX  DIRDOWN FLUX  DOWNWARD FLUX   NET FLUX    HEATING RATE
          mb          W/m2          W/m2          W/m2        W/m2          W/m2       degree/day
  60   .000300      151.3078        0.0000      212.0812      212.0812      60.773394       0.00000
  59    0.1000      151.3076        0.0037      212.0760      212.0797      60.772103       0.10923
  58    0.1403      151.3078        0.0052      212.0737      212.0789      60.771069       0.21650
  57    0.1968      151.3083        0.0073      212.0701      212.0774      60.769199       0.27930
  56    0.2760      151.3092        0.0103      212.0648      212.0751      60.765911       0.35036
  55    0.3871      151.3109        0.0144      212.0569      212.0713      60.760367       0.42110
  54    0.5430      151.3140        0.0202      212.0449      212.0651      60.751072       0.50318
  53    0.7617      151.3199        0.0283      212.0263      212.0546      60.734669       0.63295
  52     1.069      151.3311        0.0397      211.9965      212.0363      60.705180       0.81116
  51     1.499      151.3521        0.0556      211.9488      212.0045      60.652385       1.03543
  50     2.102      151.3917        0.0777      211.8701      211.9478      60.556055       1.34682
  49     2.949      151.4675        0.1090      211.7353      211.8443      60.376724       1.78763
  48     4.137      151.6003        0.1528      211.5152      211.6680      60.067737       2.19568
  47     5.803      151.8049        0.2140      211.1861      211.4001      59.595182       2.39388
  46     8.139      152.0844        0.2996      210.7354      211.0349      58.950507       2.32828
  45     11.42      152.4347        0.4192      210.1559      210.5750      58.140316       2.08595
  44     16.01      152.8597        0.5862      209.4264      210.0126      57.152896       1.81242
  43     22.46      153.3655        0.8198      208.5155      209.3353      55.969775       1.54816
  42     31.51      153.9185        1.1464      207.4281      208.5745      54.656058       1.22552
  41     44.20      154.4425        1.6040      206.1997      207.8037      53.361213       0.86112
  40     62.00      154.9062        2.2403      204.7997      207.0401      52.133905       0.58189
  39     85.78      155.1901        3.0875      203.3150      206.4025      51.212366       0.32711
  38     109.5      155.2906        3.9447      202.0234      205.9681      50.677456       0.18987
  37     133.1      155.3382        4.7654      200.8408      205.6063      50.268014       0.14704
  36     156.8      155.3575        5.5597      199.7260      205.2858      49.928300       0.12046
  35     180.6      155.3421        6.3999      198.5859      204.9858      49.643709       0.10104
  34     202.8      155.2926        7.2051      197.5309      204.7360      49.443422       0.07604
  33     228.4      155.2243        8.0225      196.4789      204.5014      49.277035       0.05490
  32     252.2      155.1449        8.8379      195.4408      204.2787      49.133802       0.05084
  31     276.0      155.0557        9.6399      194.4310      204.0709      49.015232       0.04209
  30     299.8      154.9572       10.4443      193.4267      203.8710      48.913774       0.03601
  29     323.5      154.8549       11.2465      192.4286      203.6750      48.820182       0.03322
  28     347.3      154.7505       12.0376      191.4464      203.4841      48.733545       0.03075
  27     371.1      154.6448       12.8150      190.4836      203.2986      48.653754       0.02832
  26     394.9      154.5356       13.5994      189.5132      203.1126      48.577060       0.02722
  25     418.6      154.4255       14.3781      188.5503      202.9284      48.502926       0.02631
  24     442.4      154.3147       15.1524      187.5927      202.7451      48.430336       0.02577
  23     466.2      154.2030       15.9249      186.6371      202.5619      48.358937       0.02534
  22     489.9      154.0921       16.6850      185.6961      202.3811      48.288964       0.02484
  21     513.7      153.9809       17.4459      184.7529      202.1988      48.217913       0.02522
  20     537.5      153.8715       18.1960      183.8209      202.0169      48.145483       0.02571
  19     561.3      153.7642       18.9368      182.8981      201.8349      48.070734       0.02653
  18     585.0      153.6569       19.6843      181.9641      201.6485      47.991615       0.02808
  17     608.8      153.5523       20.4210      181.0409      201.4618      47.909547       0.02913
  16     632.6      153.4507       21.1470      180.1276      201.2746      47.823926       0.03039
  15     656.4      153.3508       21.8775      179.2047      201.0822      47.731459       0.03282
  14     680.1      153.2556       22.5978      178.2893      200.8871      47.631547       0.03546
  13     703.9      153.1660       23.3081      177.3803      200.6885      47.522469       0.03872
  12     727.7      153.0818       24.0192      176.4629      200.4821      47.400303       0.04336
  11     751.5      153.0051       24.7308      175.5353      200.2661      47.261019       0.04944
  10     775.2      152.9383       25.4342      174.6074      200.0417      47.103313       0.05598
   9     799.0      152.8832       26.1292      173.6783      199.8076      46.924307       0.06354
   8     822.8      112.3987      125.1032       34.0355      159.1387      46.740038       0.06541
   7     846.6       76.3123      116.2327        6.6698      122.9026      46.590252       0.05317
   6     870.4       41.1431       86.3182        1.3071       87.6253      46.482246       0.03834
   5     894.1        6.1811       52.3441        0.2562       52.6003      46.419218       0.02237
   4     917.9        6.0781       52.2020        0.2548       52.4567      46.378668       0.01439
   3     941.7        5.9750       52.0582        0.2533       52.3115      46.336525       0.01496
   2     965.5        5.8727       51.9139        0.2519       52.1658      46.293142       0.01540
   1     989.2        5.7711       51.7692        0.2505       52.0197      46.248662       0.01579
   0    1013.0        5.6702       51.6242        0.2492       51.8734      46.203172       0.01615



 Wavenumbers: 22650. - 29000. cm-1, ATM      1
 LEVEL PRESSURE   UPWARD FLUX   DIFDOWN FLUX  DIRDOWN FLUX  DOWNWARD FLUX   NET FLUX    HEATING RATE
          mb          W/m2          W/m2          W/m2        W/m2          W/m2       degree/day
  60   .000300       62.5019        0.0000       80.0317       80.0317      17.529821       0.00000
  59    0.1000       62.5012        0.0043       80.0267       80.0310      17.529821       0.00000
  58    0.1403       62.5009        0.0061       80.0247       80.0307      17.529821      -0.00000
  57    0.1968       62.5005        0.0085       80.0218       80.0303      17.529821      -0.00000
  56    0.2760       62.5000        0.0120       80.0178       80.0298      17.529821       0.00000
  55    0.3871       62.4992        0.0168       80.0122       80.0290      17.529821      -0.00000
  54    0.5430       62.4981        0.0236       80.0043       80.0279      17.529821       0.00000
  53    0.7617       62.4966        0.0330       79.9933       80.0264      17.529821      -0.00000
  52     1.069       62.4944        0.0464       79.9778       80.0242      17.529821       0.00000
  51     1.499       62.4914        0.0650       79.9562       80.0212      17.529821      -0.00000
  50     2.102       62.4873        0.0907       79.9263       80.0171      17.529821       0.00000
  49     2.949       62.4814        0.1273       79.8839       80.0112      17.529821       0.00000
  48     4.137       62.4731        0.1785       79.8244       80.0029      17.529821      -0.00000
  47     5.803       62.4615        0.2501       79.7412       79.9913      17.529821       0.00000
  46     8.139       62.4453        0.3502       79.6249       79.9751      17.529821       0.00000
  45     11.42       62.4226        0.4901       79.4623       79.9524      17.529821       0.00000
  44     16.01       62.3909        0.6855       79.2352       79.9207      17.529821       0.00000
  43     22.46       62.3464        0.9583       78.9179       79.8762      17.529821      -0.00000
  42     31.51       62.2841        1.3389       78.4751       79.8140      17.529821      -0.00000
  41     44.20       62.1968        1.8693       77.8573       79.7266      17.529821       0.00000
  40     62.00       62.0751        2.6011       77.0038       79.6050      17.529821      -0.00000
  39     85.78       61.9132        3.5638       75.8793       79.4431      17.529821       0.00000
  38     109.5       61.7493        4.5252       74.7539       79.2791      17.529821      -0.00000
  37     133.1       61.5920        5.4349       73.6869       79.1218      17.529821       0.00000
  36     156.8       61.4394        6.3055       72.6637       78.9692      17.529821       0.00000
  35     180.6       61.2778        7.2154       71.5922       78.8076      17.529821      -0.00000
  34     202.8       61.1226        8.0767       70.5757       78.6524      17.529821       0.00000
  33     228.4       60.9648        8.9405       69.5542       78.4946      17.529821       0.00000
  32     252.2       60.8070        9.7920       68.5449       78.3368      17.529821      -0.00000
  31     276.0       60.6515       10.6194       67.5619       78.1813      17.529821       0.00000
  30     299.8       60.4952       11.4394       66.5855       78.0250      17.529821      -0.00000
  29     323.5       60.3389       12.2475       65.6212       77.8687      17.529821       0.00000
  28     347.3       60.1844       13.0350       64.6791       77.7142      17.529821      -0.00000
  27     371.1       60.0321       13.7998       63.7621       77.5619      17.529821      -0.00000
  26     394.9       59.8781       14.5625       62.8455       77.4079      17.529821       0.00000
  25     418.6       59.7248       15.3107       61.9439       77.2546      17.529821      -0.00000
  24     442.4       59.5719       16.0459       61.0558       77.1017      17.529821       0.00000
  23     466.2       59.4189       16.7706       60.1781       76.9487      17.529821       0.00000
  22     489.9       59.2679       17.4754       59.3223       76.7977      17.529821       0.00000
  21     513.7       59.1163       18.1727       58.4735       76.6461      17.529821       0.00000
  20     537.5       58.9664       18.8520       57.6441       76.4962      17.529821      -0.00000
  19     561.3       58.8178       19.5152       56.8325       76.3476      17.529821       0.00000
  18     585.0       58.6674       20.1765       56.0207       76.1972      17.529821      -0.00000
  17     608.8       58.5186       20.8206       55.2278       76.0485      17.529821      -0.00000
  16     632.6       58.3715       21.4482       54.4531       75.9013      17.529821      -0.00000
  15     656.4       58.2229       22.0723       53.6804       75.7528      17.529821       0.00000
  14     680.1       58.0759       22.6808       52.9249       75.6057      17.529821      -0.00000
  13     703.9       57.9302       23.2742       52.1859       75.4600      17.529821       0.00000
  12     727.7       57.7838       23.8616       51.4520       75.3136      17.529821      -0.00000
  11     751.5       57.6365       24.4431       50.7232       75.1663      17.529821       0.00000
  10     775.2       57.4902       25.0119       50.0082       75.0201      17.529821      -0.00000
   9     799.0       57.3449       25.5680       49.3067       74.8747      17.529821       0.00000
   8     822.8       42.5579       50.5110        9.5765       60.0875      17.529596       0.00008
   7     846.6       28.9957       44.6651        1.8600       46.5251      17.529420       0.00006
   6     870.4       15.6720       32.8399        0.3614       33.2013      17.529296       0.00004
   5     894.1        2.3951       19.8541        0.0702       19.9243      17.529225       0.00003
   4     917.9        2.2755       19.7355        0.0692       19.8047      17.529225      -0.00000
   3     941.7        2.1556       19.6165        0.0683       19.6848      17.529225       0.00000
   2     965.5        2.0362       19.4981        0.0673       19.5654      17.529225       0.00000
   1     989.2        1.9173       19.3802        0.0664       19.4465      17.529225       0.00000
   0    1013.0        1.7990       19.2628        0.0655       19.3282      17.529225      -0.00000



 Wavenumbers: 29000. - 38000. cm-1, ATM      1
 LEVEL PRESSURE   UPWARD FLUX   DIFDOWN FLUX  DIRDOWN FLUX  DOWNWARD FLUX   NET FLUX    HEATING RATE
          mb          W/m2          W/m2          W/m2        W/m2          W/m2       degree/day
  60   .000300        9.9946        0.0000       28.2225       28.2225      18.227950       0.00000
  59    0.1000        9.9930        0.0030       28.1859       28.1889      18.195884       2.71430
  58    0.1403        9.9924        0.0042       28.1585       28.1627      18.170284       5.36075
  57    0.1968        9.9917        0.0059       28.1101       28.1160      18.124279       6.87154
  56    0.2760        9.9909        0.0082       28.0271       28.0353      18.044425       8.50888
  55    0.3871        9.9898        0.0114       27.8913       27.9028      17.912913       9.98961
  54    0.5430        9.9887        0.0158       27.6738       27.6896      17.700910      11.47611
  53    0.7617        9.9877        0.0217       27.3185       27.3403      17.352569      13.44171
  52     1.069        9.9875        0.0297       26.7574       26.7870      16.799564      15.21150
  51     1.499        9.9890        0.0398       25.9466       25.9864      15.997378      15.73266
  50     2.102        9.9948        0.0527       24.8886       24.9413      14.946438      14.69357
  49     2.949       10.0093        0.0696       23.6539       23.7235      13.714249      12.28280
  48     4.137       10.0378        0.0920       22.3800       22.4720      12.434158       9.09639
  47     5.803       10.0840        0.1218       21.1533       21.2751      11.191005       6.29759
  46     8.139       10.1487        0.1621       20.0304       20.1925      10.043828       4.14311
  45     11.42       10.2307        0.2169       19.0179       19.2348       9.004052       2.67705
  44     16.01       10.3323        0.2911       18.0801       18.3712       8.038886       1.77158
  43     22.46       10.4576        0.3922       17.1858       17.5780       7.120342       1.20195
  42     31.51       10.6000        0.5304       16.3448       16.8752       6.275179       0.78842
  41     44.20       10.7380        0.7211       15.5663       16.2875       5.549516       0.48259
  40     62.00       10.8611        0.9818       14.8065       15.7883       4.927213       0.29504
  39     85.78       10.9261        1.3238       14.0925       15.4163       4.490205       0.15512
  38     109.5       10.9338        1.6637       13.5167       15.1804       4.246636       0.08646
  37     133.1       10.9286        1.9788       13.0134       14.9922       4.063544       0.06575
  36     156.8       10.9179        2.2740       12.5564       14.8304       3.912448       0.05358
  35     180.6       10.8967        2.5779       12.1053       14.6832       3.786538       0.04470
  34     202.8       10.8656        2.8621       11.7016       14.5636       3.698034       0.03360
  33     228.4       10.8289        3.1423       11.3112       14.4535       3.624534       0.02425
  32     252.2       10.7896        3.4136       10.9372       14.3509       3.561308       0.02244
  31     276.0       10.7477        3.6729       10.5839       14.2568       3.509143       0.01852
  30     299.8       10.7032        3.9256       10.2424       14.1681       3.464814       0.01573
  29     323.5       10.6581        4.1698        9.9126       14.0825       3.424410       0.01434
  28     347.3       10.6129        4.4032        9.5973       14.0005       3.387619       0.01306
  27     371.1       10.5678        4.6256        9.2967       13.9223       3.354494       0.01176
  26     394.9       10.5217        4.8432        9.0022       13.8454       3.323614       0.01096
  25     418.6       10.4757        5.0524        8.7182       13.7705       3.294822       0.01022
  24     442.4       10.4297        5.2539        8.4437       13.6976       3.267892       0.00956
  23     466.2       10.3834        5.4486        8.1775       13.6261       3.242783       0.00891
  22     489.9       10.3375        5.6342        7.9229       13.5571       3.219637       0.00822
  21     513.7       10.2913        5.8142        7.6749       13.4891       3.197729       0.00778
  20     537.5       10.2457        5.9859        7.4369       13.4228       3.177081       0.00733
  19     561.3       10.2005        6.1501        7.2080       13.3581       3.157550       0.00693
  18     585.0       10.1549        6.3104        6.9831       13.2935       3.138571       0.00674
  17     608.8       10.1098        6.4632        6.7672       13.2303       3.120490       0.00642
  16     632.6       10.0654        6.6088        6.5598       13.1686       3.103235       0.00612
  15     656.4       10.0206        6.7505        6.3565       13.1071       3.086412       0.00597
  14     680.1        9.9764        6.8856        6.1611       13.0467       3.070310       0.00572
  13     703.9        9.9328        7.0145        5.9732       12.9876       3.054878       0.00548
  12     727.7        9.8890        7.1391        5.7897       12.9288       3.039854       0.00533
  11     751.5        9.8451        7.2597        5.6105       12.8703       3.025232       0.00519
  10     775.2        9.8015        7.3750        5.4377       12.8127       3.011169       0.00499
   9     799.0        9.7584        7.4850        5.2710       12.7560       2.997632       0.00481
   8     822.8        7.3141        9.2934        1.0062       10.2996       2.985548       0.00429
   7     846.6        5.0081        7.7923        0.1921        7.9844       2.976359       0.00326
   6     870.4        2.7320        5.6654        0.0367        5.7021       2.970061       0.00224
   5     894.1        0.4635        3.4230        0.0070        3.4300       2.966513       0.00126
   4     917.9        0.4210        3.3785        0.0068        3.3853       2.964327       0.00078
   3     941.7        0.3785        3.3341        0.0066        3.3407       2.962232       0.00074
   2     965.5        0.3361        3.2900        0.0064        3.2963       2.960240       0.00071
   1     989.2        0.2940        3.2461        0.0062        3.2523       2.958345       0.00067
   0    1013.0        0.2520        3.2025        0.0060        3.2085       2.956542       0.00064



 Wavenumbers: 38000. - 50000. cm-1, ATM      1
 LEVEL PRESSURE   UPWARD FLUX   DIFDOWN FLUX  DIRDOWN FLUX  DOWNWARD FLUX   NET FLUX    HEATING RATE
          mb          W/m2          W/m2          W/m2        W/m2          W/m2       degree/day
  60   .000300        0.0069        0.0000        1.7407        1.7407       1.733864       0.00000
  59    0.1000        0.0063        0.0006        1.7198        1.7204       1.714069       1.67562
  58    0.1403        0.0061        0.0008        1.7047        1.7056       1.699408       3.07012
  57    0.1968        0.0059        0.0012        1.6784        1.6796       1.673683       3.84232
  56    0.2760        0.0056        0.0016        1.6341        1.6357       1.630132       4.64062
  55    0.3871        0.0051        0.0021        1.5634        1.5655       1.560405       5.29648
  54    0.5430        0.0046        0.0028        1.4543        1.4571       1.452495       5.84133
  53    0.7617        0.0039        0.0034        1.2861        1.2895       1.285598       6.44019
  52     1.069        0.0031        0.0037        1.0457        1.0495       1.046342       6.58121
  51     1.499        0.0024        0.0037        0.7523        0.7559       0.753565       5.74202
  50     2.102        0.0017        0.0031        0.4664        0.4695       0.467843       3.99478
  49     2.949        0.0012        0.0024        0.2581        0.2604       0.259286       2.07895
  48     4.137        0.0008        0.0017        0.1381        0.1398       0.139011       0.85468
  47     5.803        0.0005        0.0013        0.0728        0.0741       0.073572       0.33150
  46     8.139        0.0003        0.0009        0.0388        0.0397       0.039349       0.12360
  45     11.42        0.0002        0.0006        0.0198        0.0204       0.020194       0.04932
  44     16.01        0.0001        0.0004        0.0090        0.0093       0.009236       0.02011
  43     22.46        0.0000        0.0002        0.0034        0.0036       0.003591       0.00739
  42     31.51        0.0000        0.0001        0.0011        0.0012       0.001179       0.00225
  41     44.20        0.0000        0.0000        0.0003        0.0003       0.000327       0.00057
  40     62.00        0.0000        0.0000        0.0001        0.0001       0.000070       0.00012
  39     85.78        0.0000        0.0000        0.0000        0.0000       0.000012       0.00002
  38     109.5        0.0000        0.0000        0.0000        0.0000       0.000002       0.00000
  37     133.1        0.0000        0.0000        0.0000        0.0000       0.000000       0.00000
  36     156.8        0.0000        0.0000        0.0000        0.0000       0.000000       0.00000
  35     180.6        0.0000        0.0000        0.0000        0.0000       0.000000       0.00000
  34     202.8        0.0000        0.0000        0.0000        0.0000       0.000000       0.00000
  33     228.4        0.0000        0.0000        0.0000        0.0000       0.000000       0.00000
  32     252.2        0.0000        0.0000        0.0000        0.0000       0.000000       0.00000
  31     276.0        0.0000        0.0000        0.0000        0.0000       0.000000       0.00000
  30     299.8        0.0000        0.0000        0.0000        0.0000       0.000000       0.00000
  29     323.5        0.0000        0.0000        0.0000        0.0000       0.000000       0.00000
  28     347.3        0.0000        0.0000        0.0000        0.0000       0.000000       0.00000
  27     371.1        0.0000        0.0000        0.0000        0.0000       0.000000       0.00000
  26     394.9        0.0000        0.0000        0.0000        0.0000       0.000000       0.00000
  25     418.6        0.0000        0.0000        0.0000        0.0000       0.000000       0.00000
  24     442.4        0.0000        0.0000        0.0000        0.0000       0.000000       0.00000
  23     466.2        0.0000        0.0000        0.0000        0.0000       0.000000       0.00000
  22     489.9        0.0000        0.0000        0.0000        0.0000       0.000000       0.00000
  21     513.7        0.0000        0.0000        0.0000        0.0000       0.000000       0.00000
  20     537.5        0.0000        0.0000        0.0000        0.0000       0.000000       0.00000
  19     561.3        0.0000        0.0000        0.0000        0.0000       0.000000       0.00000
  18     585.0        0.0000        0.0000        0.0000        0.0000       0.000000       0.00000
  17     608.8        0.0000        0.0000        0.0000        0.0000       0.000000       0.00000
  16     632.6        0.0000        0.0000        0.0000        0.0000       0.000000       0.00000
  15     656.4        0.0000        0.0000        0.0000        0.0000       0.000000       0.00000
  14     680.1        0.0000        0.0000        0.0000        0.0000       0.000000       0.00000
  13     703.9        0.0000        0.0000        0.0000        0.0000       0.000000       0.00000
  12     727.7        0.0000        0.0000        0.0000        0.0000       0.000000       0.00000
  11     751.5        0.0000        0.0000        0.0000        0.0000       0.000000       0.00000
  10     775.2        0.0000        0.0000        0.0000        0.0000       0.000000       0.00000
   9     799.0        0.0000        0.0000        0.0000        0.0000       0.000000       0.00000
   8     822.8        0.0000        0.0000        0.0000        0.0000       0.000000       0.00000
   7     846.6        0.0000        0.0000        0.0000        0.0000       0.000000       0.00000
   6     870.4        0.0000        0.0000        0.0000        0.0000       0.000000       0.00000
   5     894.1        0.0000        0.0000        0.0000        0.0000       0.000000       0.00000
   4     917.9        0.0000        0.0000        0.0000        0.0000       0.000000       0.00000
   3     941.7        0.0000        0.0000        0.0000        0.0000       0.000000       0.00000
   2     965.5        0.0000        0.0000        0.0000        0.0000       0.000000       0.00000
   1     989.2        0.0000        0.0000        0.0000        0.0000       0.000000       0.00000
   0    1013.0        0.0000        0.0000        0.0000        0.0000       0.000000       0.00000



 Wavenumbers:   820. -  2600. cm-1, ATM      1
 LEVEL PRESSURE   UPWARD FLUX   DIFDOWN FLUX  DIRDOWN FLUX  DOWNWARD FLUX   NET FLUX    HEATING RATE
          mb          W/m2          W/m2          W/m2        W/m2          W/m2       degree/day
  60   .000300        1.6555        0.0000        8.1430        8.1430       6.487448       0.00000
  59    0.1000        1.6555        0.0000        8.1331        8.1331       6.477561       0.83691
  58    0.1403        1.6555        0.0000        8.1309        8.1309       6.475422       0.44791
  57    0.1968        1.6555        0.0000        8.1281        8.1281       6.472581       0.42426
  56    0.2760        1.6555        0.0000        8.1245        8.1245       6.469014       0.38016
  55    0.3871        1.6555        0.0000        8.1201        8.1201       6.464552       0.33891
  54    0.5430        1.6555        0.0000        8.1143        8.1143       6.458795       0.31163
  53    0.7617        1.6555        0.0000        8.1063        8.1063       6.450808       0.30821
  52     1.069        1.6555        0.0000        8.0951        8.0951       6.439557       0.30946
  51     1.499        1.6555        0.0000        8.0799        8.0799       6.424365       0.29796
  50     2.102        1.6555        0.0000        8.0595        8.0595       6.403950       0.28543
  49     2.949        1.6555        0.0000        8.0314        8.0314       6.375805       0.28056
  48     4.137        1.6556        0.0000        7.9935        7.9935       6.337949       0.26900
  47     5.803        1.6556        0.0000        7.9444        7.9444       6.288815       0.24890
  46     8.139        1.6556        0.0000        7.8811        7.8811       6.225519       0.22860
  45     11.42        1.6556        0.0000        7.8004        7.8004       6.144768       0.20790
  44     16.01        1.6557        0.0000        7.7070        7.7070       6.051375       0.17142
  43     22.46        1.6557        0.0000        7.6181        7.6181       5.962347       0.11650
  42     31.51        1.6558        0.0000        7.5468        7.5468       5.890990       0.06657
  41     44.20        1.6560        0.0000        7.4816        7.4816       5.825676       0.04344
  40     62.00        1.6562        0.0000        7.3998        7.3998       5.743676       0.03888
  39     85.78        1.6564        0.0000        7.2958        7.2958       5.639383       0.03702
  38     109.5        1.6567        0.0000        7.1946        7.1946       5.537936       0.03601
  37     133.1        1.6570        0.0000        7.1003        7.1003       5.443291       0.03399
  36     156.8        1.6573        0.0000        7.0126        7.0126       5.355368       0.03118
  35     180.6        1.6576        0.0000        6.9166        6.9166       5.258984       0.03422
  34     202.8        1.6580        0.0000        6.8041        6.8042       5.146134       0.04285
  33     228.4        1.6586        0.0000        6.6630        6.6630       5.004466       0.04674
  32     252.2        1.6593        0.0000        6.4917        6.4917       4.832439       0.06106
  31     276.0        1.6601        0.0000        6.3090        6.3091       4.648983       0.06512
  30     299.8        1.6613        0.0000        6.1153        6.1153       4.453991       0.06921
  29     323.5        1.6630        0.0000        5.9197        5.9197       4.256726       0.07002
  28     347.3        1.6652        0.0000        5.7036        5.7036       4.038401       0.07750
  27     371.1        1.6679        0.0000        5.4648        5.4649       3.796982       0.08569
  26     394.9        1.6711        0.0000        5.2059        5.2060       3.534833       0.09305
  25     418.6        1.6750        0.0000        4.9521        4.9521       3.277103       0.09148
  24     442.4        1.6795        0.0000        4.7233        4.7234       3.043871       0.08279
  23     466.2        1.6845        0.0000        4.5370        4.5370       2.852564       0.06791
  22     489.9        1.6902        0.0000        4.3924        4.3925       2.702270       0.05335
  21     513.7        1.6971        0.0000        4.2764        4.2764       2.579335       0.04364
  20     537.5        1.7052        0.0000        4.1775        4.1776       2.472376       0.03797
  19     561.3        1.7147        0.0000        4.0839        4.0840       2.369263       0.03660
  18     585.0        1.7260        0.0001        3.9882        3.9883       2.262325       0.03796
  17     608.8        1.7389        0.0001        3.8907        3.8907       2.151837       0.03922
  16     632.6        1.7539        0.0001        3.7911        3.7912       2.037232       0.04068
  15     656.4        1.7720        0.0001        3.6867        3.6868       1.914745       0.04348
  14     680.1        1.7938        0.0001        3.5795        3.5796       1.785757       0.04579
  13     703.9        1.8200        0.0001        3.4709        3.4710       1.650998       0.04783
  12     727.7        1.8528        0.0001        3.3598        3.3599       1.507048       0.05110
  11     751.5        1.8958        0.0001        3.2443        3.2444       1.348593       0.05625
  10     775.2        1.9520        0.0001        3.1256        3.1256       1.173609       0.06211
   9     799.0        2.0273        0.0001        3.0033        3.0033       0.976061       0.07012
   8     822.8        1.3542        1.5743        0.5672        2.1415       0.787243       0.06702
   7     846.6        0.8484        1.3957        0.1071        1.5028       0.654419       0.04715
   6     870.4        0.4180        0.9656        0.0202        0.9858       0.567775       0.03075
   5     894.1        0.0219        0.5389        0.0038        0.5428       0.520870       0.01665
   4     917.9        0.0227        0.5124        0.0036        0.5160       0.493292       0.00979
   3     941.7        0.0237        0.4857        0.0035        0.4891       0.465414       0.00990
   2     965.5        0.0249        0.4590        0.0033        0.4623       0.437388       0.00995
   1     989.2        0.0262        0.4324        0.0031        0.4356       0.409333       0.00996
   0    1013.0        0.0279        0.4063        0.0030        0.4092       0.381347       0.00994

  Modules and versions used in this calculation:

       rrtmg_sw.1col.f90:  $Revision$                    rrtmg_sw_init.f90:  $Revision$        
     rrtmgsw_cldprop.f90:  $Revision$                  rrtmgsw_cldprmc.f90:  NOT USED          
     rrtmg_sw_reftra.f90:  $Revision$                  rrtmg_sw_spcvrt.f90:  NOT USED          
     rrtmg_sw_spcvmc.f90:  NOT USED                    rrtmgsw_setcoef.f90:  NOT USED          
     rrtmg_sw_taumol.f90:  $Revision$                  rrtmg_sw_vrtqdr.f90:  NOT USED          
                rrtatm.f:  NOT USED                             util_xxx.f:  NOT USED          
                 extra.f:  NOT USED                       rrtmg_sw_k_g.f90:  $Revision$        

