

 Wavenumbers:   820. - 50000. cm-1, ATM      1
 LEVEL PRESSURE   UPWARD FLUX   DIFDOWN FLUX  DIRDOWN FLUX  DOWNWARD FLUX   NET FLUX    HEATING RATE
          mb          W/m2          W/m2          W/m2        W/m2          W/m2       degree/day
  60   .000300      635.6598        0.0000      837.8224      837.8224     202.162624       0.00000
  59    0.1000      635.6582        0.0137      837.7137      837.7274     202.069250       7.90369
  58    0.1403      635.6580        0.0193      837.6563      837.6756     202.017575      10.82109
  57    0.1968      635.6583        0.0271      837.5614      837.5885     201.930190      13.05232
  56    0.2760      635.6593        0.0379      837.4070      837.4449     201.785635      15.40304
  55    0.3871      635.6616        0.0530      837.1641      837.2171     201.555430      17.48636
  54    0.5430      635.6665        0.0739      836.7876      836.8615     201.195021      19.50956
  53    0.7617      635.6767        0.1026      836.1942      836.2968     200.620082      22.18563
  52     1.069      635.6975        0.1423      835.2926      835.4349     199.737438      24.27888
  51     1.499      635.7378        0.1960      834.0471      834.2431     198.505253      24.16590
  50     2.102      635.8160        0.2687      832.4995      832.7683     196.952223      21.71346
  49     2.949      635.9673        0.3707      830.7483      831.1190     195.151659      17.94853
  48     4.137      636.2337        0.5126      828.8944      829.4070     193.173388      14.05769
  47     5.803      636.6453        0.7099      826.9459      827.6559     191.010527      10.95666
  46     8.139      637.2099        0.9848      824.8978      825.8826     188.672690       8.44325
  45     11.42      637.9216        1.3678      822.7006      824.0684     186.146792       6.50327
  44     16.01      638.7923        1.9007      820.2525      822.1531     183.360879       5.11359
  43     22.46      639.8420        2.6434      817.4463      820.0897     180.247662       4.07376
  42     31.51      641.0129        3.6787      814.2518      817.9305     176.917629       3.10646
  41     44.20      642.1613        5.1251      810.6480      815.7731     173.611771       2.19852
  40     62.00      643.2343        7.1279      806.4553      813.5832     170.348965       1.54694
  39     85.78      643.9883        9.7804      801.7674      811.5478     167.559576       0.99012
  38     109.5      644.3951       12.4508      797.4817      809.9325     165.537468       0.71777
  37     133.1      644.6877       14.9893      793.5510      808.5403     163.852662       0.60504
  36     156.8      644.9201       17.4295      789.8548      807.2842     162.364110       0.52784
  35     180.6      645.0951       19.9940      786.0084      806.0024     160.907351       0.51718
  34     202.8      645.1931       22.4368      782.2124      804.6492     159.456018       0.55104
  33     228.4      645.2610       24.9002      778.0467      802.9469     157.685947       0.58401
  32     252.2      645.3137       27.3420      773.4741      800.8161     155.502353       0.77509
  31     276.0      645.3528       29.7283      768.4389      798.1672     152.814344       0.95413
  30     299.8      645.3889       32.1065      762.7642      794.8707     149.481857       1.18290
  29     323.5      645.4364       34.4628      756.6288      791.0915     145.655065       1.35835
  28     347.3      645.5022       36.7719      750.2254      786.9973     141.495071       1.47663
  27     371.1      645.5884       39.0267      743.7251      782.7518     137.163385       1.53757
  26     394.9      645.7051       41.2880      736.8957      778.1837     132.478587       1.66291
  25     418.6      645.8596       43.5187      729.8721      773.3908     127.531267       1.75609
  24     442.4      646.0614       45.7230      722.6783      768.4013     122.339928       1.84271
  23     466.2      646.3161       47.9087      715.4381      763.3468     117.030706       1.88456
  22     489.9      646.6314       50.0464      708.2772      758.3236     111.692165       1.89496
  21     513.7      647.0287       52.1735      701.0441      753.2175     106.188817       1.95346
  20     537.5      647.5204       54.2578      693.8325      748.0903     100.569850       1.99450
  19     561.3      648.1257       56.3037      686.6319      742.9356      94.809960       2.04452
  18     585.0      648.8703       58.3558      679.3701      737.7259      88.855609       2.11355
  17     608.8      649.7528       60.3662      672.2525      732.6187      82.865846       2.12612
  16     632.6      650.7970       62.3361      665.2624      727.5984      76.801419       2.15262
  15     656.4      652.0760       64.3062      658.1915      722.4976      70.421691       2.26454
  14     680.1      653.6366       66.2370      651.1209      717.3579      63.721368       2.37834
  13     703.9      655.5469       68.1295      644.0582      712.1877      56.640824       2.51330
  12     727.7      657.9465       70.0124      636.8758      706.8882      48.941667       2.73288
  11     751.5      661.0417       71.8845      629.4911      701.3755      40.333830       3.05543
  10     775.2      665.0519       73.7227      621.9804      695.7031      30.651193       3.43694
   9     799.0      670.3699       75.5271      614.3441      689.8712      19.501290       3.95776
   8     822.8      435.7503      448.4455        0.0000      448.4455      12.695250       2.41586
   7     846.6      275.9529      286.5435        0.0000      286.5435      10.590577       0.74707
   6     870.4      134.8466      144.5746        0.0000      144.5746       9.728053       0.30616
   5     894.1        0.9762       10.4398        0.0000       10.4398       9.463651       0.09385
   4     917.9        0.9555       10.3995        0.0000       10.3995       9.444006       0.00697
   3     941.7        0.9349       10.3581        0.0000       10.3581       9.423192       0.00739
   2     965.5        0.9145       10.3158        0.0000       10.3158       9.401331       0.00776
   1     989.2        0.8943       10.2728        0.0000       10.2728       9.378448       0.00812
   0    1013.0        0.8744       10.2289        0.0000       10.2289       9.354551       0.00848



 Wavenumbers:  2600. -  3250. cm-1, ATM      1
 LEVEL PRESSURE   UPWARD FLUX   DIFDOWN FLUX  DIRDOWN FLUX  DOWNWARD FLUX   NET FLUX    HEATING RATE
          mb          W/m2          W/m2          W/m2        W/m2          W/m2       degree/day
  60   .000300        2.9861        0.0000        7.3841        7.3841       4.397949       0.00000
  59    0.1000        2.9861        0.0000        7.3840        7.3840       4.397877       0.00613
  58    0.1403        2.9861        0.0000        7.3840        7.3840       4.397847       0.00614
  57    0.1968        2.9861        0.0000        7.3839        7.3839       4.397806       0.00616
  56    0.2760        2.9861        0.0000        7.3839        7.3839       4.397749       0.00613
  55    0.3871        2.9861        0.0000        7.3838        7.3838       4.397664       0.00642
  54    0.5430        2.9861        0.0000        7.3837        7.3837       4.397539       0.00678
  53    0.7617        2.9861        0.0000        7.3835        7.3835       4.397342       0.00761
  52     1.069        2.9861        0.0000        7.3831        7.3831       4.397012       0.00908
  51     1.499        2.9861        0.0000        7.3825        7.3825       4.396403       0.01193
  50     2.102        2.9861        0.0000        7.3814        7.3814       4.395314       0.01523
  49     2.949        2.9861        0.0000        7.3795        7.3795       4.393428       0.01880
  48     4.137        2.9861        0.0000        7.3765        7.3765       4.390414       0.02142
  47     5.803        2.9861        0.0000        7.3721        7.3721       4.385982       0.02245
  46     8.139        2.9861        0.0000        7.3661        7.3661       4.379973       0.02170
  45     11.42        2.9861        0.0000        7.3586        7.3586       4.372463       0.01934
  44     16.01        2.9861        0.0000        7.3500        7.3500       4.363880       0.01575
  43     22.46        2.9862        0.0000        7.3407        7.3407       4.354549       0.01221
  42     31.51        2.9862        0.0000        7.3297        7.3297       4.343555       0.01026
  41     44.20        2.9863        0.0000        7.3134        7.3134       4.327144       0.01091
  40     62.00        2.9864        0.0000        7.2860        7.2860       4.299614       0.01305
  39     85.78        2.9867        0.0000        7.2438        7.2439       4.257192       0.01506
  38     109.5        2.9871        0.0001        7.1969        7.1970       4.209890       0.01679
  37     133.1        2.9875        0.0001        7.1517        7.1518       4.164295       0.01637
  36     156.8        2.9880        0.0001        7.1092        7.1093       4.121289       0.01525
  35     180.6        2.9887        0.0001        7.0662        7.0663       4.077631       0.01550
  34     202.8        2.9894        0.0001        7.0262        7.0263       4.036826       0.01549
  33     228.4        2.9905        0.0001        6.9846        6.9847       3.994193       0.01407
  32     252.2        2.9921        0.0001        6.9407        6.9408       3.948659       0.01616
  31     276.0        2.9942        0.0001        6.8941        6.8943       3.900059       0.01725
  30     299.8        2.9969        0.0001        6.8424        6.8426       3.845665       0.01931
  29     323.5        3.0004        0.0002        6.7849        6.7851       3.784639       0.02166
  28     347.3        3.0049        0.0002        6.7206        6.7208       3.715888       0.02440
  27     371.1        3.0103        0.0002        6.6496        6.6497       3.639453       0.02713
  26     394.9        3.0170        0.0002        6.5676        6.5678       3.550760       0.03148
  25     418.6        3.0251        0.0002        6.4741        6.4743       3.449197       0.03605
  24     442.4        3.0349        0.0002        6.3671        6.3673       3.332402       0.04146
  23     466.2        3.0466        0.0002        6.2486        6.2488       3.202196       0.04622
  22     489.9        3.0602        0.0002        6.1205        6.1207       3.060495       0.05030
  21     513.7        3.0766        0.0002        5.9812        5.9814       2.904857       0.05524
  20     537.5        3.0960        0.0002        5.8338        5.8341       2.738068       0.05920
  19     561.3        3.1189        0.0002        5.6819        5.6821       2.563225       0.06206
  18     585.0        3.1459        0.0002        5.5274        5.5277       2.381752       0.06442
  17     608.8        3.1770        0.0002        5.3761        5.3763       2.199273       0.06477
  16     632.6        3.2130        0.0002        5.2281        5.2283       2.015382       0.06527
  15     656.4        3.2559        0.0002        5.0791        5.0793       1.823401       0.06815
  14     680.1        3.3073        0.0003        4.9299        4.9301       1.622818       0.07120
  13     703.9        3.3692        0.0003        4.7798        4.7800       1.410834       0.07525
  12     727.7        3.4459        0.0003        4.6253        4.6255       1.179601       0.08208
  11     751.5        3.5439        0.0003        4.4633        4.4635       0.919666       0.09227
  10     775.2        3.6697        0.0003        4.2949        4.2951       0.625370       0.10446
   9     799.0        3.8352        0.0003        4.1205        4.1208       0.285552       0.12062
   8     822.8        1.5052        1.5946        0.0000        1.5946       0.089354       0.06964
   7     846.6        0.6907        0.7306        0.0000        0.7306       0.039929       0.01754
   6     870.4        0.2785        0.3016        0.0000        0.3016       0.023037       0.00600
   5     894.1        0.0010        0.0194        0.0000        0.0194       0.018375       0.00165
   4     917.9        0.0010        0.0191        0.0000        0.0191       0.018043       0.00012
   3     941.7        0.0011        0.0187        0.0000        0.0187       0.017694       0.00012
   2     965.5        0.0011        0.0184        0.0000        0.0184       0.017329       0.00013
   1     989.2        0.0011        0.0180        0.0000        0.0180       0.016949       0.00013
   0    1013.0        0.0011        0.0177        0.0000        0.0177       0.016555       0.00014



 Wavenumbers:  3250. -  4000. cm-1, ATM      1
 LEVEL PRESSURE   UPWARD FLUX   DIFDOWN FLUX  DIRDOWN FLUX  DOWNWARD FLUX   NET FLUX    HEATING RATE
          mb          W/m2          W/m2          W/m2        W/m2          W/m2       degree/day
  60   .000300        0.0630        0.0000       12.4485       12.4485      12.385509       0.00000
  59    0.1000        0.0630        0.0000       12.4290       12.4290      12.366007       1.65079
  58    0.1403        0.0630        0.0000       12.4252       12.4252      12.362293       0.77776
  57    0.1968        0.0630        0.0000       12.4208       12.4208      12.357820       0.66803
  56    0.2760        0.0630        0.0000       12.4156       12.4156      12.352657       0.55013
  55    0.3871        0.0630        0.0000       12.4096       12.4096      12.346625       0.45825
  54    0.5430        0.0630        0.0000       12.4022       12.4022      12.339296       0.39669
  53    0.7617        0.0630        0.0000       12.3928       12.3928      12.329836       0.36506
  52     1.069        0.0630        0.0000       12.3807       12.3807      12.317796       0.33119
  51     1.499        0.0630        0.0000       12.3664       12.3664      12.303438       0.28159
  50     2.102        0.0629        0.0000       12.3498       12.3498      12.286805       0.23256
  49     2.949        0.0629        0.0000       12.3302       12.3302      12.267270       0.19473
  48     4.137        0.0629        0.0000       12.3067       12.3068      12.243804       0.16675
  47     5.803        0.0629        0.0000       12.2766       12.2766      12.213687       0.15257
  46     8.139        0.0629        0.0000       12.2347       12.2348      12.171819       0.15121
  45     11.42        0.0629        0.0000       12.1733       12.1733      12.110405       0.15812
  44     16.01        0.0629        0.0000       12.0830       12.0830      12.020094       0.16577
  43     22.46        0.0629        0.0000       11.9527       11.9527      11.889804       0.17049
  42     31.51        0.0629        0.0000       11.7748       11.7748      11.711919       0.16594
  41     44.20        0.0629        0.0001       11.5551       11.5552      11.492282       0.14607
  40     62.00        0.0629        0.0001       11.3050       11.3051      11.242214       0.11856
  39     85.78        0.0628        0.0001       11.0142       11.0143      10.951425       0.10322
  38     109.5        0.0628        0.0001       10.7175       10.7176      10.654804       0.10529
  37     133.1        0.0628        0.0002       10.4459       10.4460      10.383257       0.09752
  36     156.8        0.0628        0.0002       10.1944       10.1946      10.131867       0.08914
  35     180.6        0.0627        0.0002        9.9218        9.9220       9.859307       0.09676
  34     202.8        0.0627        0.0002        9.5970        9.5973       9.534531       0.12331
  33     228.4        0.0627        0.0002        9.1820        9.1823       9.119581       0.13691
  32     252.2        0.0627        0.0003        8.7004        8.7006       8.637913       0.17097
  31     276.0        0.0627        0.0003        8.1693        8.1695       8.106789       0.18853
  30     299.8        0.0628        0.0003        7.5886        7.5889       7.526046       0.20614
  29     323.5        0.0630        0.0003        6.9823        6.9825       6.919564       0.21528
  28     347.3        0.0632        0.0003        6.3629        6.3631       6.299912       0.21995
  27     371.1        0.0635        0.0002        5.7699        5.7701       5.706595       0.21060
  26     394.9        0.0640        0.0002        5.2041        5.2043       5.140264       0.20102
  25     418.6        0.0647        0.0002        4.6962        4.6964       4.631668       0.18053
  24     442.4        0.0656        0.0002        4.2409        4.2411       4.175463       0.16193
  23     466.2        0.0669        0.0002        3.8328        3.8330       3.766074       0.14532
  22     489.9        0.0685        0.0002        3.4648        3.4650       3.396556       0.13116
  21     513.7        0.0706        0.0002        3.1218        3.1220       3.051412       0.12251
  20     537.5        0.0733        0.0002        2.8040        2.8042       2.730886       0.11377
  19     561.3        0.0768        0.0002        2.5083        2.5084       2.431617       0.10623
  18     585.0        0.0814        0.0001        2.2301        2.2302       2.148851       0.10037
  17     608.8        0.0872        0.0001        1.9731        1.9732       1.886029       0.09329
  16     632.6        0.0946        0.0001        1.7337        1.7338       1.639257       0.08759
  15     656.4        0.1045        0.0001        1.5041        1.5042       1.399742       0.08502
  14     680.1        0.1178        0.0001        1.2888        1.2889       1.171037       0.08118
  13     703.9        0.1360        0.0001        1.0908        1.0909       0.954825       0.07675
  12     727.7        0.1620        0.0001        0.9082        0.9083       0.746233       0.07404
  11     751.5        0.2010        0.0001        0.7390        0.7391       0.538073       0.07389
  10     775.2        0.2613        0.0000        0.5856        0.5857       0.324384       0.07585
   9     799.0        0.3594        0.0000        0.4484        0.4484       0.089018       0.08355
   8     822.8        0.0127        0.0162        0.0000        0.0162       0.003471       0.03037
   7     846.6        0.0004        0.0005        0.0000        0.0005       0.000116       0.00119
   6     870.4        0.0000        0.0000        0.0000        0.0000       0.000003       0.00004
   5     894.1        0.0000        0.0000        0.0000        0.0000       0.000000       0.00000
   4     917.9        0.0000        0.0000        0.0000        0.0000       0.000000       0.00000
   3     941.7        0.0000        0.0000        0.0000        0.0000       0.000000       0.00000
   2     965.5        0.0000        0.0000        0.0000        0.0000       0.000000       0.00000
   1     989.2        0.0000        0.0000        0.0000        0.0000       0.000000       0.00000
   0    1013.0        0.0000        0.0000        0.0000        0.0000       0.000000       0.00000



 Wavenumbers:  4000. -  4650. cm-1, ATM      1
 LEVEL PRESSURE   UPWARD FLUX   DIFDOWN FLUX  DIRDOWN FLUX  DOWNWARD FLUX   NET FLUX    HEATING RATE
          mb          W/m2          W/m2          W/m2        W/m2          W/m2       degree/day
  60   .000300        9.7575        0.0000       14.6183       14.6183       4.860765       0.00000
  59    0.1000        9.7575        0.0000       14.6182       14.6182       4.860756       0.00076
  58    0.1403        9.7575        0.0000       14.6182       14.6182       4.860752       0.00077
  57    0.1968        9.7575        0.0000       14.6182       14.6182       4.860747       0.00077
  56    0.2760        9.7575        0.0000       14.6182       14.6182       4.860740       0.00077
  55    0.3871        9.7575        0.0000       14.6182       14.6182       4.860729       0.00080
  54    0.5430        9.7575        0.0000       14.6182       14.6182       4.860714       0.00085
  53    0.7617        9.7575        0.0000       14.6182       14.6182       4.860689       0.00095
  52     1.069        9.7575        0.0000       14.6181       14.6181       4.860647       0.00114
  51     1.499        9.7575        0.0000       14.6180       14.6181       4.860570       0.00152
  50     2.102        9.7575        0.0000       14.6179       14.6179       4.860429       0.00198
  49     2.949        9.7575        0.0000       14.6176       14.6177       4.860175       0.00253
  48     4.137        9.7575        0.0000       14.6172       14.6172       4.859744       0.00306
  47     5.803        9.7575        0.0000       14.6165       14.6165       4.859050       0.00352
  46     8.139        9.7575        0.0000       14.6154       14.6155       4.857962       0.00393
  45     11.42        9.7575        0.0001       14.6137       14.6138       4.856284       0.00432
  44     16.01        9.7575        0.0001       14.6112       14.6113       4.853735       0.00468
  43     22.46        9.7576        0.0001       14.6074       14.6075       4.849925       0.00499
  42     31.51        9.7576        0.0002       14.6017       14.6018       4.844209       0.00533
  41     44.20        9.7578        0.0003       14.5927       14.5929       4.835144       0.00603
  40     62.00        9.7582        0.0004       14.5788       14.5792       4.820991       0.00671
  39     85.78        9.7589        0.0005       14.5592       14.5597       4.800863       0.00714
  38     109.5        9.7599        0.0006       14.5382       14.5388       4.778898       0.00780
  37     133.1        9.7611        0.0008       14.5177       14.5185       4.757376       0.00773
  36     156.8        9.7625        0.0009       14.4977       14.4986       4.736080       0.00755
  35     180.6        9.7642        0.0010       14.4759       14.4769       4.712697       0.00830
  34     202.8        9.7663        0.0012       14.4536       14.4548       4.688475       0.00920
  33     228.4        9.7690        0.0013       14.4280       14.4293       4.660319       0.00929
  32     252.2        9.7725        0.0014       14.3983       14.3997       4.627277       0.01173
  31     276.0        9.7768        0.0015       14.3635       14.3651       4.588294       0.01384
  30     299.8        9.7824        0.0017       14.3217       14.3234       4.540986       0.01679
  29     323.5        9.7893        0.0018       14.2720       14.2738       4.484512       0.02005
  28     347.3        9.7979        0.0019       14.2129       14.2148       4.416914       0.02399
  27     371.1        9.8075        0.0021       14.1438       14.1458       4.338273       0.02791
  26     394.9        9.8185        0.0022       14.0605       14.0626       4.244102       0.03343
  25     418.6        9.8310        0.0023       13.9639       13.9662       4.135292       0.03862
  24     442.4        9.8450        0.0024       13.8548       13.8572       4.012153       0.04371
  23     466.2        9.8610        0.0025       13.7365       13.7390       3.878063       0.04760
  22     489.9        9.8790        0.0026       13.6136       13.6163       3.737257       0.04998
  21     513.7        9.9000        0.0028       13.4859       13.4887       3.588688       0.05274
  20     537.5        9.9243        0.0029       13.3568       13.3596       3.435355       0.05443
  19     561.3        9.9525        0.0030       13.2261       13.2291       3.276548       0.05637
  18     585.0        9.9859        0.0031       13.0915       13.0946       3.108685       0.05958
  17     608.8       10.0244        0.0032       12.9542       12.9574       2.933019       0.06235
  16     632.6       10.0688        0.0033       12.8109       12.8142       2.745358       0.06661
  15     656.4       10.1224        0.0034       12.6541       12.6575       2.535107       0.07463
  14     680.1       10.1867        0.0035       12.4832       12.4867       2.299962       0.08347
  13     703.9       10.2649        0.0035       12.2977       12.3012       2.036319       0.09358
  12     727.7       10.3630        0.0036       12.0950       12.0986       1.735599       0.10674
  11     751.5       10.4904        0.0037       11.8732       11.8769       1.386479       0.12392
  10     775.2       10.6583        0.0037       11.6374       11.6411       0.982817       0.14328
   9     799.0       10.8864        0.0038       11.3910       11.3948       0.508443       0.16838
   8     822.8        5.9103        6.1396        0.0000        6.1396       0.229312       0.09908
   7     846.6        3.3942        3.5433        0.0000        3.5433       0.149078       0.02848
   6     870.4        1.5727        1.6907        0.0000        1.6907       0.118003       0.01103
   5     894.1        0.0069        0.1158        0.0000        0.1158       0.108876       0.00324
   4     917.9        0.0069        0.1151        0.0000        0.1151       0.108211       0.00024
   3     941.7        0.0070        0.1145        0.0000        0.1145       0.107506       0.00025
   2     965.5        0.0070        0.1138        0.0000        0.1138       0.106763       0.00026
   1     989.2        0.0070        0.1130        0.0000        0.1130       0.105983       0.00028
   0    1013.0        0.0071        0.1123        0.0000        0.1123       0.105164       0.00029



 Wavenumbers:  4650. -  5150. cm-1, ATM      1
 LEVEL PRESSURE   UPWARD FLUX   DIFDOWN FLUX  DIRDOWN FLUX  DOWNWARD FLUX   NET FLUX    HEATING RATE
          mb          W/m2          W/m2          W/m2        W/m2          W/m2       degree/day
  60   .000300        7.1851        0.0000       13.8369       13.8369       6.651770       0.00000
  59    0.1000        7.1851        0.0000       13.8347       13.8347       6.649652       0.17929
  58    0.1403        7.1851        0.0000       13.8339       13.8339       6.648813       0.17564
  57    0.1968        7.1851        0.0000       13.8327       13.8327       6.647647       0.17409
  56    0.2760        7.1851        0.0000       13.8312       13.8312       6.646058       0.16936
  55    0.3871        7.1851        0.0000       13.8290       13.8290       6.643878       0.16558
  54    0.5430        7.1851        0.0000       13.8260       13.8260       6.640942       0.15891
  53    0.7617        7.1851        0.0000       13.8221       13.8221       6.637038       0.15066
  52     1.069        7.1851        0.0000       13.8170       13.8170       6.631885       0.14176
  51     1.499        7.1851        0.0000       13.8105       13.8105       6.625400       0.12718
  50     2.102        7.1851        0.0000       13.8026       13.8026       6.617527       0.11007
  49     2.949        7.1851        0.0000       13.7933       13.7933       6.608226       0.09272
  48     4.137        7.1851        0.0000       13.7830       13.7831       6.597977       0.07283
  47     5.803        7.1851        0.0000       13.7724       13.7724       6.587318       0.05400
  46     8.139        7.1851        0.0001       13.7615       13.7616       6.576469       0.03918
  45     11.42        7.1852        0.0001       13.7497       13.7498       6.564657       0.03041
  44     16.01        7.1853        0.0001       13.7347       13.7348       6.549551       0.02773
  43     22.46        7.1854        0.0002       13.7122       13.7123       6.526916       0.02962
  42     31.51        7.1857        0.0003       13.6758       13.6761       6.490334       0.03413
  41     44.20        7.1864        0.0004       13.6167       13.6171       6.430726       0.03964
  40     62.00        7.1875        0.0005       13.5244       13.5249       6.337431       0.04423
  39     85.78        7.1894        0.0007       13.3944       13.3951       6.205699       0.04676
  38     109.5        7.1919        0.0009       13.2650       13.2659       6.074011       0.04674
  37     133.1        7.1948        0.0010       13.1487       13.1498       5.954963       0.04275
  36     156.8        7.1983        0.0012       13.0449       13.0461       5.847833       0.03799
  35     180.6        7.2025        0.0014       12.9437       12.9451       5.742548       0.03738
  34     202.8        7.2073        0.0016       12.8534       12.8550       5.647691       0.03602
  33     228.4        7.2130        0.0017       12.7658       12.7675       5.554523       0.03074
  32     252.2        7.2197        0.0019       12.6801       12.6821       5.462349       0.03272
  31     276.0        7.2276        0.0021       12.5950       12.5971       5.369537       0.03294
  30     299.8        7.2372        0.0023       12.5053       12.5075       5.270310       0.03522
  29     323.5        7.2490        0.0024       12.4093       12.4117       5.162704       0.03820
  28     347.3        7.2626        0.0026       12.3075       12.3101       5.047450       0.04091
  27     371.1        7.2783        0.0027       12.1993       12.2021       4.923763       0.04390
  26     394.9        7.2966        0.0029       12.0815       12.0844       4.787864       0.04824
  25     418.6        7.3175        0.0030       11.9549       11.9579       4.640358       0.05236
  24     442.4        7.3416        0.0032       11.8185       11.8217       4.480181       0.05686
  23     466.2        7.3688        0.0033       11.6730       11.6763       4.307540       0.06128
  22     489.9        7.3994        0.0035       11.5203       11.5238       4.124333       0.06503
  21     513.7        7.4343        0.0036       11.3577       11.3613       3.926943       0.07007
  20     537.5        7.4737        0.0037       11.1878       11.1915       3.717887       0.07421
  19     561.3        7.5183        0.0038       11.0105       11.0143       3.496052       0.07874
  18     585.0        7.5693        0.0040       10.8249       10.8288       3.259500       0.08397
  17     608.8        7.6265        0.0041       10.6366       10.6407       3.014224       0.08706
  16     632.6        7.6906        0.0042       10.4463       10.4505       2.759936       0.09026
  15     656.4        7.7650        0.0043       10.2497       10.2540       2.489002       0.09617
  14     680.1        7.8500        0.0044       10.0509       10.0553       2.205284       0.10071
  13     703.9        7.9477        0.0044        9.8514        9.8558       1.908162       0.10547
  12     727.7        8.0628        0.0045        9.6483        9.6528       1.590078       0.11291
  11     751.5        8.2017        0.0046        9.4402        9.4448       1.243077       0.12317
  10     775.2        8.3703        0.0047        9.2294        9.2341       0.863792       0.13463
   9     799.0        8.5788        0.0047        9.0169        9.0216       0.442844       0.14942
   8     822.8        4.3288        4.5174        0.0000        4.5174       0.188519       0.09027
   7     846.6        2.3643        2.4750        0.0000        2.4750       0.110630       0.02765
   6     870.4        1.0659        1.1474        0.0000        1.1474       0.081514       0.01034
   5     894.1        0.0046        0.0777        0.0000        0.0777       0.073175       0.00296
   4     917.9        0.0046        0.0772        0.0000        0.0772       0.072578       0.00021
   3     941.7        0.0046        0.0766        0.0000        0.0766       0.071960       0.00022
   2     965.5        0.0046        0.0760        0.0000        0.0760       0.071324       0.00023
   1     989.2        0.0047        0.0754        0.0000        0.0754       0.070669       0.00023
   0    1013.0        0.0047        0.0747        0.0000        0.0747       0.069996       0.00024



 Wavenumbers:  5150. -  6150. cm-1, ATM      1
 LEVEL PRESSURE   UPWARD FLUX   DIFDOWN FLUX  DIRDOWN FLUX  DOWNWARD FLUX   NET FLUX    HEATING RATE
          mb          W/m2          W/m2          W/m2        W/m2          W/m2       degree/day
  60   .000300       16.6280        0.0000       34.6891       34.6891      18.061069       0.00000
  59    0.1000       16.6280        0.0000       34.6886       34.6886      18.060572       0.04207
  58    0.1403       16.6280        0.0000       34.6884       34.6884      18.060371       0.04200
  57    0.1968       16.6280        0.0000       34.6881       34.6881      18.060089       0.04216
  56    0.2760       16.6280        0.0000       34.6877       34.6877      18.059698       0.04173
  55    0.3871       16.6280        0.0000       34.6871       34.6872      18.059147       0.04183
  54    0.5430       16.6280        0.0000       34.6864       34.6864      18.058379       0.04154
  53    0.7617       16.6280        0.0000       34.6853       34.6853      18.057308       0.04136
  52     1.069       16.6280        0.0000       34.6838       34.6838      18.055797       0.04156
  51     1.499       16.6280        0.0001       34.6817       34.6817      18.053699       0.04115
  50     2.102       16.6280        0.0001       34.6787       34.6788      18.050795       0.04060
  49     2.949       16.6280        0.0001       34.6746       34.6747      18.046690       0.04092
  48     4.137       16.6281        0.0001       34.6689       34.6691      18.040972       0.04063
  47     5.803       16.6282        0.0002       34.6610       34.6612      18.033079       0.03999
  46     8.139       16.6283        0.0003       34.6502       34.6505      18.022250       0.03911
  45     11.42       16.6284        0.0004       34.6356       34.6360      18.007527       0.03791
  44     16.01       16.6287        0.0006       34.6159       34.6165      17.987760       0.03628
  43     22.46       16.6291        0.0008       34.5899       34.5907      17.961599       0.03423
  42     31.51       16.6298        0.0011       34.5564       34.5575      17.927736       0.03159
  41     44.20       16.6308        0.0016       34.5139       34.5155      17.884704       0.02862
  40     62.00       16.6325        0.0022       34.4619       34.4641      17.831565       0.02519
  39     85.78       16.6350        0.0031       34.4020       34.4051      17.770044       0.02184
  38     109.5       16.6377        0.0039       34.3491       34.3530      17.715357       0.01941
  37     133.1       16.6403        0.0047       34.3031       34.3079      17.667544       0.01717
  36     156.8       16.6429        0.0055       34.2595       34.2650      17.622091       0.01612
  35     180.6       16.6458        0.0064       34.2031       34.2094      17.563656       0.02075
  34     202.8       16.6486        0.0072       34.1091       34.1163      17.467697       0.03643
  33     228.4       16.6517        0.0080       33.9252       33.9332      17.281512       0.06143
  32     252.2       16.6550        0.0088       33.6087       33.6174      16.962423       0.11326
  31     276.0       16.6586        0.0095       33.1225       33.1320      16.473440       0.17357
  30     299.8       16.6627        0.0102       32.4763       32.4865      15.823755       0.23061
  29     323.5       16.6677        0.0108       31.7610       31.7718      15.104103       0.25545
  28     347.3       16.6736        0.0114       31.0137       31.0251      14.351549       0.26713
  27     371.1       16.6806        0.0119       30.2247       30.2366      13.556077       0.28236
  26     394.9       16.6891        0.0124       29.3520       29.3644      12.675370       0.31261
  25     418.6       16.6993        0.0129       28.4400       28.4529      11.753634       0.32718
  24     442.4       16.7117        0.0133       27.5194       27.5328      10.821092       0.33101
  23     466.2       16.7264        0.0138       26.6227       26.6365       9.910084       0.32337
  22     489.9       16.7441        0.0141       25.7669       25.7810       9.036890       0.30995
  21     513.7       16.7660        0.0145       24.9371       24.9516       8.185655       0.30215
  20     537.5       16.7926        0.0149       24.1537       24.1686       7.376069       0.28737
  19     561.3       16.8251        0.0153       23.4247       23.4400       6.614916       0.27018
  18     585.0       16.8650        0.0156       22.7500       22.7656       5.900634       0.25354
  17     608.8       16.9127        0.0160       22.1480       22.1640       5.251317       0.23048
  16     632.6       16.9698        0.0164       21.6116       21.6280       4.658193       0.21053
  15     656.4       17.0405        0.0168       21.1193       21.1361       4.095572       0.19971
  14     680.1       17.1280        0.0172       20.6722       20.6894       3.561397       0.18961
  13     703.9       17.2362        0.0175       20.2664       20.2839       3.047666       0.18235
  12     727.7       17.3740        0.0179       19.8884       19.9063       2.532360       0.18291
  11     751.5       17.5534        0.0183       19.5264       19.5447       1.991311       0.19205
  10     775.2       17.7896        0.0186       19.1765       19.1952       1.405627       0.20789
   9     799.0       18.1077        0.0190       18.8290       18.8480       0.740288       0.23617
   8     822.8       10.5946       10.9520        0.0000       10.9520       0.357402       0.13591
   7     846.6        6.4278        6.6895        0.0000        6.6895       0.261650       0.03399
   6     870.4        3.0703        3.2959        0.0000        3.2959       0.225611       0.01279
   5     894.1        0.0139        0.2282        0.0000        0.2282       0.214327       0.00401
   4     917.9        0.0139        0.2274        0.0000        0.2274       0.213470       0.00030
   3     941.7        0.0139        0.2265        0.0000        0.2265       0.212540       0.00033
   2     965.5        0.0140        0.2255        0.0000        0.2255       0.211541       0.00035
   1     989.2        0.0141        0.2245        0.0000        0.2245       0.210470       0.00038
   0    1013.0        0.0141        0.2234        0.0000        0.2234       0.209324       0.00041



 Wavenumbers:  6150. -  7700. cm-1, ATM      1
 LEVEL PRESSURE   UPWARD FLUX   DIFDOWN FLUX  DIRDOWN FLUX  DOWNWARD FLUX   NET FLUX    HEATING RATE
          mb          W/m2          W/m2          W/m2        W/m2          W/m2       degree/day
  60   .000300       26.4645        0.0000       64.1588       64.1588      37.694283       0.00000
  59    0.1000       26.4645        0.0000       64.1581       64.1581      37.693623       0.05584
  58    0.1403       26.4645        0.0000       64.1578       64.1578      37.693356       0.05593
  57    0.1968       26.4645        0.0000       64.1574       64.1575      37.692979       0.05625
  56    0.2760       26.4645        0.0000       64.1569       64.1569      37.692456       0.05580
  55    0.3871       26.4645        0.0001       64.1561       64.1562      37.691718       0.05604
  54    0.5430       26.4645        0.0001       64.1551       64.1551      37.690687       0.05578
  53    0.7617       26.4644        0.0001       64.1536       64.1537      37.689246       0.05562
  52     1.069       26.4644        0.0002       64.1515       64.1516      37.687214       0.05590
  51     1.499       26.4644        0.0002       64.1486       64.1488      37.684397       0.05525
  50     2.102       26.4644        0.0003       64.1446       64.1449      37.680508       0.05437
  49     2.949       26.4643        0.0004       64.1389       64.1393      37.675023       0.05468
  48     4.137       26.4642        0.0006       64.1310       64.1316      37.667391       0.05423
  47     5.803       26.4641        0.0008       64.1201       64.1210      37.656841       0.05344
  46     8.139       26.4640        0.0012       64.1051       64.1063      37.642305       0.05250
  45     11.42       26.4638        0.0017       64.0845       64.0861      37.622387       0.05128
  44     16.01       26.4635        0.0023       64.0565       64.0588      37.595334       0.04966
  43     22.46       26.4631        0.0033       64.0187       64.0220      37.558900       0.04768
  42     31.51       26.4625        0.0046       63.9683       63.9729      37.510381       0.04526
  41     44.20       26.4617        0.0064       63.9021       63.9085      37.446818       0.04227
  40     62.00       26.4606        0.0090       63.8170       63.8260      37.365351       0.03862
  39     85.78       26.4592        0.0124       63.7137       63.7261      37.266893       0.03495
  38     109.5       26.4578        0.0158       63.6174       63.6333      37.175494       0.03244
  37     133.1       26.4564        0.0192       63.5307       63.5498      37.093415       0.02948
  36     156.8       26.4551        0.0224       63.4470       63.4694      37.014235       0.02808
  35     180.6       26.4539        0.0258       63.3411       63.3669      36.913078       0.03591
  34     202.8       26.4528        0.0291       63.1774       63.2065      36.753707       0.06051
  33     228.4       26.4520        0.0324       62.8910       62.9234      36.471390       0.09315
  32     252.2       26.4517        0.0356       62.4548       62.4904      36.038681       0.15359
  31     276.0       26.4522        0.0386       61.8034       61.8420      35.389807       0.23032
  30     299.8       26.4539        0.0414       60.8493       60.8906      34.436719       0.33831
  29     323.5       26.4576        0.0440       59.6406       59.6846      33.227035       0.42939
  28     347.3       26.4638        0.0464       58.2994       58.3458      31.882016       0.47743
  27     371.1       26.4730        0.0487       56.9373       56.9860      30.513048       0.48593
  26     394.9       26.4863        0.0508       55.4853       55.5362      29.049912       0.51935
  25     418.6       26.5044        0.0528       53.9434       53.9961      27.491685       0.55311
  24     442.4       26.5288        0.0545       52.3152       52.3697      25.840934       0.58595
  23     466.2       26.5601        0.0562       50.6699       50.7260      24.165903       0.59457
  22     489.9       26.5997        0.0577       49.0609       49.1186      22.518906       0.58462
  21     513.7       26.6504        0.0591       47.4627       47.5218      20.871407       0.58479
  20     537.5       26.7141        0.0604       45.9016       45.9620      19.247918       0.57627
  19     561.3       26.7937        0.0616       44.3828       44.4444      17.650660       0.56696
  18     585.0       26.8933        0.0628       42.9069       42.9697      16.076376       0.55881
  17     608.8       27.0137        0.0639       41.5192       41.5831      14.569465       0.53489
  16     632.6       27.1591        0.0650       40.2123       40.2772      13.118173       0.51515
  15     656.4       27.3410        0.0660       38.9372       39.0031      11.662123       0.51684
  14     680.1       27.5683        0.0669       37.7038       37.7707      10.202433       0.51813
  13     703.9       27.8535        0.0677       36.5148       36.5825       8.729063       0.52299
  12     727.7       28.2218        0.0685       35.3478       35.4163       7.194488       0.54471
  11     751.5       28.7153        0.0692       34.1879       34.2571       5.541780       0.58664
  10     775.2       29.3854        0.0697       33.0529       33.1227       3.737300       0.64052
   9     799.0       30.3321        0.0702       31.9455       32.0157       1.683677       0.72895
   8     822.8       15.7147       16.3340        0.0000       16.3340       0.619266       0.37782
   7     846.6        9.0796        9.4705        0.0000        9.4705       0.390892       0.08106
   6     870.4        4.2531        4.5691        0.0000        4.5691       0.315953       0.02660
   5     894.1        0.0190        0.3143        0.0000        0.3143       0.295291       0.00733
   4     917.9        0.0191        0.3129        0.0000        0.3129       0.293817       0.00052
   3     941.7        0.0191        0.3114        0.0000        0.3114       0.292250       0.00056
   2     965.5        0.0192        0.3098        0.0000        0.3098       0.290601       0.00059
   1     989.2        0.0193        0.3081        0.0000        0.3081       0.288873       0.00061
   0    1013.0        0.0194        0.3064        0.0000        0.3064       0.287065       0.00064



 Wavenumbers:  7700. -  8050. cm-1, ATM      1
 LEVEL PRESSURE   UPWARD FLUX   DIFDOWN FLUX  DIRDOWN FLUX  DOWNWARD FLUX   NET FLUX    HEATING RATE
          mb          W/m2          W/m2          W/m2        W/m2          W/m2       degree/day
  60   .000300       12.5885        0.0000       15.1626       15.1626       2.574147       0.00000
  59    0.1000       12.5886        0.0000       15.1625       15.1625       2.573902       0.02069
  58    0.1403       12.5886        0.0000       15.1624       15.1624       2.573803       0.02081
  57    0.1968       12.5886        0.0000       15.1623       15.1623       2.573663       0.02092
  56    0.2760       12.5887        0.0000       15.1622       15.1622       2.573468       0.02075
  55    0.3871       12.5888        0.0000       15.1620       15.1620       2.573194       0.02085
  54    0.5430       12.5889        0.0000       15.1617       15.1617       2.572810       0.02076
  53    0.7617       12.5891        0.0001       15.1613       15.1614       2.572273       0.02072
  52     1.069       12.5894        0.0001       15.1608       15.1609       2.571514       0.02087
  51     1.499       12.5897        0.0001       15.1601       15.1602       2.570460       0.02068
  50     2.102       12.5902        0.0002       15.1591       15.1592       2.568997       0.02045
  49     2.949       12.5909        0.0002       15.1576       15.1579       2.566922       0.02069
  48     4.137       12.5919        0.0003       15.1556       15.1559       2.564009       0.02070
  47     5.803       12.5933        0.0004       15.1528       15.1533       2.559937       0.02063
  46     8.139       12.5953        0.0006       15.1489       15.1495       2.554238       0.02058
  45     11.42       12.5980        0.0008       15.1434       15.1443       2.546258       0.02055
  44     16.01       12.6018        0.0012       15.1358       15.1369       2.535096       0.02049
  43     22.46       12.6072        0.0016       15.1251       15.1267       2.519465       0.02045
  42     31.51       12.6148        0.0023       15.1101       15.1124       2.497578       0.02042
  41     44.20       12.6255        0.0032       15.0892       15.0924       2.466889       0.02041
  40     62.00       12.6406        0.0044       15.0604       15.0648       2.424218       0.02023
  39     85.78       12.6610        0.0061       15.0223       15.0284       2.367481       0.02014
  38     109.5       12.6819        0.0078       14.9841       14.9920       2.310065       0.02038
  37     133.1       12.7023        0.0095       14.9478       14.9573       2.254976       0.01978
  36     156.8       12.7225        0.0111       14.9129       14.9240       2.201538       0.01895
  35     180.6       12.7441        0.0127       14.8763       14.8891       2.144935       0.02010
  34     202.8       12.7653        0.0144       14.8414       14.8558       2.090557       0.02065
  33     228.4       12.7871        0.0160       14.8062       14.8223       2.035155       0.01828
  32     252.2       12.8093        0.0177       14.7713       14.7890       1.979629       0.01971
  31     276.0       12.8316        0.0193       14.7370       14.7563       1.924693       0.01950
  30     299.8       12.8545        0.0210       14.7027       14.7237       1.869193       0.01970
  29     323.5       12.8779        0.0226       14.6685       14.6911       1.813282       0.01985
  28     347.3       12.9015        0.0242       14.6347       14.6590       1.757441       0.01982
  27     371.1       12.9254        0.0258       14.6014       14.6272       1.701792       0.01975
  26     394.9       12.9503        0.0275       14.5675       14.5950       1.644680       0.02027
  25     418.6       12.9759        0.0291       14.5336       14.5627       1.586832       0.02053
  24     442.4       13.0022        0.0307       14.4995       14.5302       1.528043       0.02087
  23     466.2       13.0294        0.0323       14.4651       14.4974       1.468059       0.02129
  22     489.9       13.0571        0.0339       14.4307       14.4646       1.407488       0.02150
  21     513.7       13.0861        0.0355       14.3957       14.4312       1.345031       0.02217
  20     537.5       13.1160        0.0371       14.3603       14.3974       1.281377       0.02259
  19     561.3       13.1470        0.0386       14.3246       14.3632       1.216242       0.02312
  18     585.0       13.1798        0.0402       14.2875       14.3278       1.147978       0.02423
  17     608.8       13.2138        0.0418       14.2500       14.2918       1.078040       0.02482
  16     632.6       13.2491        0.0433       14.2119       14.2553       1.006177       0.02551
  15     656.4       13.2868        0.0449       14.1722       14.2171       0.930327       0.02692
  14     680.1       13.3265        0.0464       14.1314       14.1778       0.851248       0.02807
  13     703.9       13.3686        0.0479       14.0891       14.1370       0.768366       0.02942
  12     727.7       13.4142        0.0494       14.0446       14.0940       0.679819       0.03143
  11     751.5       13.4640        0.0509       13.9973       14.0482       0.584189       0.03394
  10     775.2       13.5183        0.0524       13.9473       13.9997       0.481464       0.03646
   9     799.0       13.5777        0.0538       13.8944       13.9483       0.370575       0.03936
   8     822.8        8.6408        8.9147        0.0000        8.9147       0.273857       0.03433
   7     846.6        5.2691        5.4857        0.0000        5.4857       0.216527       0.02035
   6     870.4        2.4974        2.6822        0.0000        2.6822       0.184838       0.01125
   5     894.1        0.0112        0.1852        0.0000        0.1852       0.173965       0.00386
   4     917.9        0.0113        0.1844        0.0000        0.1844       0.173136       0.00029
   3     941.7        0.0113        0.1836        0.0000        0.1836       0.172268       0.00031
   2     965.5        0.0113        0.1827        0.0000        0.1827       0.171364       0.00032
   1     989.2        0.0114        0.1818        0.0000        0.1818       0.170425       0.00033
   0    1013.0        0.0114        0.1809        0.0000        0.1809       0.169449       0.00035



 Wavenumbers:  8050. - 12850. cm-1, ATM      1
 LEVEL PRESSURE   UPWARD FLUX   DIFDOWN FLUX  DIRDOWN FLUX  DOWNWARD FLUX   NET FLUX    HEATING RATE
          mb          W/m2          W/m2          W/m2        W/m2          W/m2       degree/day
  60   .000300      159.5030        0.0000      212.2880      212.2880      52.785023       0.00000
  59    0.1000      159.5029        0.0003      212.2876      212.2879      52.785023       0.00000
  58    0.1403      159.5029        0.0005      212.2874      212.2879      52.785023      -0.00000
  57    0.1968      159.5029        0.0007      212.2872      212.2879      52.785023      -0.00000
  56    0.2760      159.5028        0.0009      212.2869      212.2878      52.785023       0.00000
  55    0.3871      159.5028        0.0013      212.2864      212.2878      52.785023      -0.00000
  54    0.5430      159.5027        0.0019      212.2858      212.2877      52.785023       0.00000
  53    0.7617      159.5026        0.0026      212.2850      212.2876      52.785023      -0.00000
  52     1.069      159.5024        0.0037      212.2837      212.2874      52.785023       0.00000
  51     1.499      159.5022        0.0052      212.2820      212.2872      52.785023       0.00000
  50     2.102      159.5019        0.0072      212.2797      212.2869      52.785023      -0.00000
  49     2.949      159.5014        0.0101      212.2763      212.2864      52.785023       0.00000
  48     4.137      159.5008        0.0142      212.2717      212.2858      52.785023       0.00000
  47     5.803      159.4999        0.0199      212.2651      212.2850      52.785023       0.00000
  46     8.139      159.4987        0.0278      212.2559      212.2837      52.785023       0.00000
  45     11.42      159.4970        0.0390      212.2430      212.2820      52.785023      -0.00000
  44     16.01      159.4946        0.0546      212.2250      212.2797      52.785023       0.00000
  43     22.46      159.4913        0.0766      212.1998      212.2763      52.785023      -0.00000
  42     31.51      159.4866        0.1073      212.1643      212.2716      52.785023       0.00000
  41     44.20      159.4800        0.1505      212.1145      212.2650      52.785023      -0.00000
  40     62.00      159.4708        0.2108      212.0450      212.2558      52.785023      -0.00000
  39     85.78      159.4585        0.2914      211.9522      212.2436      52.785023       0.00000
  38     109.5      159.4468        0.3732      211.8451      212.2184      52.771530       0.00479
  37     133.1      159.4355        0.4520      211.7421      212.1942      52.758633       0.00463
  36     156.8      159.4245        0.5288      211.6412      212.1699      52.745456       0.00467
  35     180.6      159.4127        0.6103      211.5292      212.1395      52.726788       0.00663
  34     202.8      159.4017        0.6888      211.4041      212.0930      52.691283       0.01348
  33     228.4      159.3910        0.7689      211.2349      212.0038      52.612802       0.02589
  32     252.2      159.3819        0.8491      211.0003      211.8494      52.467496       0.05158
  31     276.0      159.3757        0.9281      210.6760      211.6041      52.228462       0.08485
  30     299.8      159.3741        1.0075      210.2328      211.2403      51.866195       0.12859
  29     323.5      159.3795        1.0868      209.6743      210.7611      51.381548       0.17203
  28     347.3      159.3947        1.1649      209.0175      210.1825      50.787815       0.21075
  27     371.1      159.4211        1.2417      208.2872      209.5289      50.107876       0.24135
  26     394.9      159.4629        1.3190      207.4416      208.7606      49.297729       0.28757
  25     418.6      159.5232        1.3954      206.4758      207.8712      48.348013       0.33711
  24     442.4      159.6069        1.4709      205.3737      206.8446      47.237755       0.39410
  23     466.2      159.7171        1.5459      204.1488      205.6947      45.977596       0.44730
  22     489.9      159.8571        1.6191      202.8236      204.4427      44.585608       0.49410
  21     513.7      160.0368        1.6917      201.3667      203.0584      43.021637       0.55515
  20     537.5      160.2623        1.7625      199.7935      201.5560      41.293689       0.61335
  19     561.3      160.5431        1.8316      198.0998      199.9313      39.388206       0.67637
  18     585.0      160.8919        1.9004      196.2781      198.1785      37.286643       0.74597
  17     608.8      161.3095        1.9674      194.3934      196.3609      35.051341       0.79344
  16     632.6      161.8081        2.0327      192.4530      194.4856      32.677515       0.84261
  15     656.4      162.4240        2.0972      190.4000      192.4973      30.073261       0.92440
  14     680.1      163.1816        2.1596      188.2528      190.4124      27.230765       1.00897
  13     703.9      164.1152        2.2196      186.0204      188.2400      24.124789       1.10249
  12     727.7      165.2934        2.2781      183.6647      185.9428      20.649446       1.23360
  11     751.5      166.8201        2.3345      181.1466      183.4811      16.661030       1.41572
  10     775.2      168.7998        2.3879      178.4925      180.8803      12.080546       1.62588
   9     799.0      171.4130        2.4381      175.7106      178.1488       6.735758       1.89718
   8     822.8      100.3401      103.7973        0.0000      103.7973       3.457212       1.16375
   7     846.6       60.3000       62.7894        0.0000       62.7894       2.489425       0.34352
   6     870.4       28.6437       30.7574        0.0000       30.7574       2.113632       0.13339
   5     894.1        0.1316        2.1329        0.0000        2.1329       2.001312       0.03987
   4     917.9        0.1315        2.1246        0.0000        2.1246       1.993039       0.00294
   3     941.7        0.1315        2.1157        0.0000        2.1157       1.984205       0.00314
   2     965.5        0.1316        2.1064        0.0000        2.1064       1.974860       0.00332
   1     989.2        0.1317        2.0967        0.0000        2.0967       1.965012       0.00349
   0    1013.0        0.1319        2.0865        0.0000        2.0865       1.954663       0.00367



 Wavenumbers: 12850. - 16000. cm-1, ATM      1
 LEVEL PRESSURE   UPWARD FLUX   DIFDOWN FLUX  DIRDOWN FLUX  DOWNWARD FLUX   NET FLUX    HEATING RATE
          mb          W/m2          W/m2          W/m2        W/m2          W/m2       degree/day
  60   .000300      114.6117        0.0000      133.0172      133.0172      18.405515       0.00000
  59    0.1000      114.6118        0.0007      133.0095      133.0103      18.398476       0.59584
  58    0.1403      114.6120        0.0010      133.0064      133.0075      18.395541       0.61457
  57    0.1968      114.6122        0.0015      133.0021      133.0036      18.391357       0.62484
  56    0.2760      114.6128        0.0021      132.9962      132.9982      18.385484       0.62589
  55    0.3871      114.6137        0.0029      132.9880      132.9909      18.377227       0.62717
  54    0.5430      114.6152        0.0041      132.9769      132.9810      18.365773       0.62000
  53    0.7617      114.6179        0.0057      132.9618      132.9675      18.349589       0.62450
  52     1.069      114.6230        0.0080      132.9413      132.9493      18.326297       0.64071
  51     1.499      114.6321        0.0112      132.9135      132.9247      18.292577       0.66131
  50     2.102      114.6489        0.0156      132.8748      132.8905      18.241547       0.71347
  49     2.949      114.6805        0.0219      132.8176      132.8395      18.158971       0.82314
  48     4.137      114.7353        0.0308      132.7325      132.7633      18.028033       0.93045
  47     5.803      114.8192        0.0431      132.6115      132.6546      17.835381       0.97594
  46     8.139      114.9340        0.0604      132.4493      132.5097      17.575695       0.93787
  45     11.42      115.0785        0.0845      132.2424      132.3270      17.248475       0.84247
  44     16.01      115.2549        0.1183      131.9828      132.1010      16.846182       0.73842
  43     22.46      115.4666        0.1655      131.6592      131.8248      16.358131       0.63863
  42     31.51      115.7020        0.2317      131.2747      131.5064      15.804385       0.51657
  41     44.20      115.9332        0.3246      130.8450      131.1696      15.236392       0.37774
  40     62.00      116.1506        0.4540      130.3669      130.8209      14.670347       0.26837
  39     85.78      116.3086        0.6269      129.8828      130.5098      14.201168       0.16654
  38     109.5      116.4182        0.8043      129.4797      130.2840      13.865788       0.11905
  37     133.1      116.5008        0.9748      129.1217      130.0965      13.595677       0.09700
  36     156.8      116.5689        1.1404      128.7892      129.9296      13.360737       0.08331
  35     180.6      116.6249        1.3163      128.4511      129.7674      13.142499       0.07748
  34     202.8      116.6633        1.4855      128.1377      129.6232      12.959908       0.06933
  33     228.4      116.6953        1.6578      127.8216      129.4794      12.784170       0.05798
  32     252.2      116.7236        1.8305      127.5049      129.3354      12.611747       0.06120
  31     276.0      116.7485        2.0009      127.1922      129.1930      12.444583       0.05934
  30     299.8      116.7720        2.1724      126.8751      129.0475      12.275498       0.06002
  29     323.5      116.7971        2.3441      126.5537      128.8978      12.100700       0.06205
  28     347.3      116.8247        2.5141      126.2298      128.7438      11.919107       0.06446
  27     371.1      116.8553        2.6816      125.9047      128.5864      11.731053       0.06675
  26     394.9      116.8911        2.8513      125.5688      128.4201      11.529032       0.07171
  25     418.6      116.9330        3.0202      125.2257      128.2460      11.312984       0.07669
  24     442.4      116.9827        3.1887      124.8736      128.0623      11.079589       0.08285
  23     466.2      117.0412        3.3573      124.5111      127.8683      10.827128       0.08961
  22     489.9      117.1092        3.5235      124.1420      127.6656      10.556367       0.09611
  21     513.7      117.1902        3.6903      123.7577      127.4479      10.257768       0.10599
  20     537.5      117.2856        3.8549      123.3614      127.2164       9.930803       0.11606
  19     561.3      117.3980        4.0177      122.9509      126.9686       9.570561       0.12787
  18     585.0      117.5314        4.1821      122.5175      126.6996       9.168178       0.14283
  17     608.8      117.6814        4.3440      122.0752      126.4192       8.737801       0.15277
  16     632.6      117.8502        4.5035      121.6228      126.1263       8.276052       0.16390
  15     656.4      118.0465        4.6636      121.1473      125.8110       7.764499       0.18158
  14     680.1      118.2736        4.8211      120.6531      125.4742       7.200530       0.20019
  13     703.9      118.5376        4.9756      120.1376      125.1131       6.575499       0.22186
  12     727.7      118.8520        5.1294      119.5892      124.7185       5.866547       0.25165
  11     751.5      119.2282        5.2820      119.0038      124.2858       5.057630       0.28713
  10     775.2      119.6753        5.4314      118.3848      123.8162       4.140928       0.32539
   9     799.0      120.2093        5.5773      117.7284      123.3057       3.096323       0.37079
   8     822.8       79.1531       81.4504        0.0000       81.4504       2.297227       0.28365
   7     846.6       49.9837       51.9191        0.0000       51.9191       1.935340       0.12846
   6     870.4       24.3245       26.0864        0.0000       26.0864       1.761978       0.06154
   5     894.1        0.1575        1.8634        0.0000        1.8634       1.705888       0.01991
   4     917.9        0.1566        1.8582        0.0000        1.8582       1.701560       0.00154
   3     941.7        0.1557        1.8527        0.0000        1.8527       1.696992       0.00162
   2     965.5        0.1549        1.8471        0.0000        1.8471       1.692217       0.00170
   1     989.2        0.1540        1.8413        0.0000        1.8413       1.687244       0.00176
   0    1013.0        0.1532        1.8353        0.0000        1.8353       1.682077       0.00183



 Wavenumbers: 16000. - 22650. cm-1, ATM      1
 LEVEL PRESSURE   UPWARD FLUX   DIFDOWN FLUX  DIRDOWN FLUX  DOWNWARD FLUX   NET FLUX    HEATING RATE
          mb          W/m2          W/m2          W/m2        W/m2          W/m2       degree/day
  60   .000300      192.6722        0.0000      212.0812      212.0812      19.409015       0.00000
  59    0.1000      192.6726        0.0041      212.0760      212.0801      19.407562       0.12298
  58    0.1403      192.6731        0.0058      212.0737      212.0795      19.406398       0.24374
  57    0.1968      192.6740        0.0081      212.0701      212.0782      19.404293       0.31445
  56    0.2760      192.6756        0.0114      212.0648      212.0762      19.400591       0.39446
  55    0.3871      192.6785        0.0160      212.0569      212.0728      19.394349       0.47409
  54    0.5430      192.6834        0.0224      212.0449      212.0673      19.383884       0.56651
  53    0.7617      192.6922        0.0314      212.0263      212.0577      19.365416       0.71262
  52     1.069      192.7084        0.0441      211.9965      212.0406      19.332215       0.91327
  51     1.499      192.7378        0.0617      211.9488      212.0105      19.272772       1.16581
  50     2.102      192.7920        0.0862      211.8701      211.9563      19.164307       1.51649
  49     2.949      192.8938        0.1209      211.7353      211.8562      18.962367       2.01300
  48     4.137      193.0704        0.1695      211.5152      211.6848      18.614374       2.47286
  47     5.803      193.3415        0.2375      211.1861      211.4235      18.082041       2.69670
  46     8.139      193.7122        0.3324      210.7354      211.0678      17.355577       2.62367
  45     11.42      194.1789        0.4653      210.1559      210.6211      16.442201       2.35161
  44     16.01      194.7487        0.6508      209.4264      210.0771      15.328421       2.04436
  43     22.46      195.4328        0.9103      208.5155      209.4258      13.992997       1.74745
  42     31.51      196.1926        1.2734      207.4281      208.7015      12.508981       1.38438
  41     44.20      196.9372        1.7825      206.1997      207.9822      11.044985       0.97362
  40     62.00      197.6346        2.4909      204.7997      207.2907       9.656029       0.65852
  39     85.78      198.1377        3.4348      203.3150      206.7499       8.612120       0.37054
  38     109.5      198.4085        4.3908      202.0234      206.4141       8.005600       0.21529
  37     133.1      198.6065        5.3067      200.8408      206.1476       7.541028       0.16683
  36     156.8      198.7646        6.1939      199.7260      205.9199       7.155334       0.13677
  35     180.6      198.8868        7.1329      198.5859      205.7188       6.832029       0.11478
  34     202.8      198.9601        8.0336      197.5309      205.5644       6.604367       0.08644
  33     228.4      199.0121        8.9484      196.4789      205.4273       6.415137       0.06243
  32     252.2      199.0504        9.8617      195.4408      205.3026       6.252156       0.05785
  31     276.0      199.0745       10.7607      194.4310      205.1917       6.117173       0.04791
  30     299.8      199.0880       11.6630      193.4267      205.0897       6.001622       0.04102
  29     323.5      199.0969       12.5634      192.4286      204.9919       5.894985       0.03785
  28     347.3      199.1022       13.4520      191.4464      204.8985       5.796237       0.03505
  27     371.1      199.1041       14.3258      190.4836      204.8094       5.705264       0.03229
  26     394.9      199.1036       15.2082      189.5132      204.7214       5.617795       0.03105
  25     418.6      199.1018       16.0848      188.5503      204.6351       5.533223       0.03002
  24     442.4      199.0993       16.9570      187.5927      204.5496       5.450392       0.02940
  23     466.2      199.0960       17.8278      186.6371      204.4649       5.368899       0.02893
  22     489.9      199.0924       18.6853      185.6961      204.3814       5.289013       0.02836
  21     513.7      199.0894       19.5443      184.7529      204.2972       5.207873       0.02880
  20     537.5      199.0877       20.3919      183.8209      204.2128       5.125130       0.02937
  19     561.3      199.0878       21.2295      182.8981      204.1275       5.039705       0.03032
  18     585.0      199.0901       22.0752      181.9641      204.0394       4.949239       0.03211
  17     608.8      199.0949       22.9094      181.0409      203.9502       4.855346       0.03333
  16     632.6      199.1025       23.7322      180.1276      203.8598       4.757319       0.03480
  15     656.4      199.1140       24.5606      179.2047      203.7653       4.651370       0.03761
  14     680.1      199.1307       25.3781      178.2893      203.6675       4.536786       0.04067
  13     703.9      199.1538       26.1850      177.3803      203.5653       4.411557       0.04445
  12     727.7      199.1852       26.9934      176.4629      203.4563       4.271131       0.04985
  11     751.5      199.2275       27.8030      175.5353      203.3383       4.110805       0.05691
  10     775.2      199.2824       28.6040      174.6074      203.2114       3.928985       0.06454
   9     799.0      199.3521       29.3961      173.6783      203.0744       3.722238       0.07339
   8     822.8      142.1555      145.6757        0.0000      145.6757       3.520186       0.07172
   7     846.6       93.8368       97.2317        0.0000       97.2317       3.394856       0.04449
   6     870.4       46.8147       50.1390        0.0000       50.1390       3.324357       0.02502
   5     894.1        0.3972        3.6972        0.0000        3.6972       3.300012       0.00864
   4     917.9        0.3897        3.6879        0.0000        3.6879       3.298153       0.00066
   3     941.7        0.3822        3.6784        0.0000        3.6784       3.296213       0.00069
   2     965.5        0.3747        3.6689        0.0000        3.6689       3.294208       0.00071
   1     989.2        0.3673        3.6594        0.0000        3.6594       3.292143       0.00073
   0    1013.0        0.3599        3.6499        0.0000        3.6499       3.290023       0.00075



 Wavenumbers: 22650. - 29000. cm-1, ATM      1
 LEVEL PRESSURE   UPWARD FLUX   DIFDOWN FLUX  DIRDOWN FLUX  DOWNWARD FLUX   NET FLUX    HEATING RATE
          mb          W/m2          W/m2          W/m2        W/m2          W/m2       degree/day
  60   .000300       78.6853        0.0000       80.0317       80.0317       1.346413       0.00000
  59    0.1000       78.6851        0.0048       80.0267       80.0315       1.346413       0.00000
  58    0.1403       78.6850        0.0067       80.0247       80.0314       1.346413       0.00000
  57    0.1968       78.6848        0.0095       80.0218       80.0313       1.346413      -0.00000
  56    0.2760       78.6847        0.0133       80.0178       80.0311       1.346413       0.00000
  55    0.3871       78.6844        0.0186       80.0122       80.0308       1.346413       0.00000
  54    0.5430       78.6840        0.0261       80.0043       80.0305       1.346413      -0.00000
  53    0.7617       78.6835        0.0366       79.9933       80.0299       1.346413       0.00000
  52     1.069       78.6828        0.0514       79.9778       80.0292       1.346413       0.00000
  51     1.499       78.6818        0.0720       79.9562       80.0282       1.346413      -0.00000
  50     2.102       78.6804        0.1005       79.9263       80.0269       1.346413       0.00000
  49     2.949       78.6785        0.1410       79.8839       80.0249       1.346413      -0.00000
  48     4.137       78.6758        0.1978       79.8244       80.0222       1.346413       0.00000
  47     5.803       78.6719        0.2771       79.7412       80.0183       1.346413       0.00000
  46     8.139       78.6666        0.3880       79.6249       80.0130       1.346413       0.00000
  45     11.42       78.6591        0.5432       79.4623       80.0055       1.346413      -0.00000
  44     16.01       78.6486        0.7598       79.2352       79.9950       1.346413       0.00000
  43     22.46       78.6340        1.0625       78.9179       79.9804       1.346413       0.00000
  42     31.51       78.6135        1.4849       78.4751       79.9599       1.346413       0.00000
  41     44.20       78.5850        2.0741       77.8573       79.9314       1.346413      -0.00000
  40     62.00       78.5455        2.8880       77.0038       79.8919       1.346413       0.00000
  39     85.78       78.4933        3.9604       75.8793       79.8397       1.346413       0.00000
  38     109.5       78.4409        5.0334       74.7539       79.7873       1.346413      -0.00000
  37     133.1       78.3911        6.0506       73.6869       79.7375       1.346413       0.00000
  36     156.8       78.3432        7.0259       72.6637       79.6896       1.346413      -0.00000
  35     180.6       78.2929        8.0471       71.5922       79.6393       1.346413       0.00000
  34     202.8       78.2450        9.0157       70.5757       79.5914       1.346413       0.00000
  33     228.4       78.1968        9.9890       69.5542       79.5432       1.346413       0.00000
  32     252.2       78.1489       10.9505       68.5449       79.4954       1.346413       0.00000
  31     276.0       78.1022       11.8868       67.5619       79.4486       1.346413      -0.00000
  30     299.8       78.0557       12.8166       66.5855       79.4021       1.346413       0.00000
  29     323.5       78.0096       13.7348       65.6212       79.3560       1.346413      -0.00000
  28     347.3       77.9644       14.6317       64.6791       79.3108       1.346413       0.00000
  27     371.1       77.9203       15.5046       63.7621       79.2667       1.346413      -0.00000
  26     394.9       77.8760       16.3770       62.8455       79.2224       1.346413       0.00000
  25     418.6       77.8324       17.2349       61.9439       79.1788       1.346413       0.00000
  24     442.4       77.7892       18.0798       61.0558       79.1356       1.346413      -0.00000
  23     466.2       77.7464       18.9147       60.1781       79.0928       1.346413       0.00000
  22     489.9       77.7045       19.7286       59.3223       79.0510       1.346413       0.00000
  21     513.7       77.6629       20.5358       58.4735       79.0093       1.346413       0.00000
  20     537.5       77.6220       21.3243       57.6441       78.9684       1.346413       0.00000
  19     561.3       77.5819       22.0959       56.8325       78.9283       1.346413      -0.00000
  18     585.0       77.5416       22.8673       56.0207       78.8880       1.346413       0.00000
  17     608.8       77.5022       23.6207       55.2278       78.8486       1.346413       0.00000
  16     632.6       77.4634       24.3567       54.4531       78.8099       1.346413       0.00000
  15     656.4       77.4247       25.0907       53.6804       78.7711       1.346413      -0.00000
  14     680.1       77.3867       25.8082       52.9249       78.7331       1.346413       0.00000
  13     703.9       77.3493       26.5099       52.1859       78.6958       1.346413       0.00000
  12     727.7       77.3121       27.2066       51.4520       78.6585       1.346413       0.00000
  11     751.5       77.2750       27.8982       50.7232       78.6214       1.346413       0.00000
  10     775.2       77.2385       28.5767       50.0082       78.5849       1.346413      -0.00000
   9     799.0       77.2025       29.2422       49.3067       78.5489       1.346413       0.00000
   8     822.8       56.4660       57.8074        0.0000       57.8074       1.341443       0.00176
   7     846.6       37.6748       39.0127        0.0000       39.0127       1.337872       0.00127
   6     870.4       18.9233       20.2590        0.0000       20.2590       1.335706       0.00077
   5     894.1        0.1916        1.5266        0.0000        1.5266       1.334942       0.00027
   4     917.9        0.1825        1.5174        0.0000        1.5174       1.334942      -0.00000
   3     941.7        0.1733        1.5083        0.0000        1.5083       1.334942       0.00000
   2     965.5        0.1642        1.4991        0.0000        1.4991       1.334942       0.00000
   1     989.2        0.1551        1.4900        0.0000        1.4900       1.334942       0.00000
   0    1013.0        0.1460        1.4810        0.0000        1.4810       1.334942      -0.00000



 Wavenumbers: 29000. - 38000. cm-1, ATM      1
 LEVEL PRESSURE   UPWARD FLUX   DIFDOWN FLUX  DIRDOWN FLUX  DOWNWARD FLUX   NET FLUX    HEATING RATE
          mb          W/m2          W/m2          W/m2        W/m2          W/m2       degree/day
  60   .000300       12.2689        0.0000       28.2225       28.2225      15.953567       0.00000
  59    0.1000       12.2675        0.0031       28.1859       28.1890      15.921472       2.71672
  58    0.1403       12.2671        0.0044       28.1585       28.1629      15.895849       5.36567
  57    0.1968       12.2665        0.0061       28.1101       28.1163      15.849801       6.87803
  56    0.2760       12.2658        0.0086       28.0271       28.0357      15.769868       8.51721
  55    0.3871       12.2651        0.0119       27.8913       27.9033      15.638221       9.99989
  54    0.5430       12.2643        0.0165       27.6738       27.6903      15.425985      11.48874
  53    0.7617       12.2641        0.0228       27.3185       27.3413      15.077219      13.45808
  52     1.069       12.2650        0.0311       26.7574       26.7885      14.523444      15.23269
  51     1.499       12.2685        0.0418       25.9466       25.9884      13.719891      15.75948
  50     2.102       12.2776        0.0555       24.8886       24.9441      12.666487      14.72802
  49     2.949       12.2977        0.0736       23.6539       23.7275      11.429786      12.32778
  48     4.137       12.3355        0.0975       22.3800       22.4775      10.142003       9.15105
  47     5.803       12.3957        0.1295       21.1533       21.2828       8.887125       6.35698
  46     8.139       12.4796        0.1730       20.0304       20.2034       7.723844       4.20127
  45     11.42       12.5866        0.2321       19.0179       19.2501       6.663497       2.73001
  44     16.01       12.7201        0.3125       18.0801       18.3926       5.672561       1.81888
  43     22.46       12.8863        0.4223       17.1858       17.6081       4.721811       1.24409
  42     31.51       13.0789        0.5729       16.3448       16.9177       3.838799       0.82373
  41     44.20       13.2746        0.7815       15.5663       16.3478       3.073165       0.50918
  40     62.00       13.4639        1.0674       14.8065       15.8739       2.410032       0.31440
  39     85.78       13.5966        1.4440       14.0925       15.5365       1.939997       0.16684
  38     109.5       13.6606        1.8199       13.5167       15.3366       1.675944       0.09373
  37     133.1       13.7070        2.1698       13.0134       15.1832       1.476193       0.07173
  36     156.8       13.7452        2.4992       12.5564       15.0556       1.310404       0.05879
  35     180.6       13.7736        2.8397       12.1053       14.9451       1.171480       0.04932
  34     202.8       13.7877        3.1595       11.7016       14.8611       1.073322       0.03727
  33     228.4       13.7960        3.4763       11.3112       14.7875       0.991418       0.02702
  32     252.2       13.8011        3.7844       10.9372       14.7217       0.920629       0.02513
  31     276.0       13.8023        4.0804       10.5839       14.6643       0.861956       0.02083
  30     299.8       13.8007        4.3701       10.2424       14.6126       0.811875       0.01778
  29     323.5       13.7983        4.6516        9.9126       14.5643       0.766024       0.01628
  28     347.3       13.7953        4.9222        9.5973       14.5194       0.724091       0.01488
  27     371.1       13.7918        5.1813        9.2967       14.4780       0.686171       0.01346
  26     394.9       13.7878        5.4363        9.0022       14.4385       0.650668       0.01260
  25     418.6       13.7837        5.6830        8.7182       14.4011       0.617422       0.01180
  24     442.4       13.7795        5.9220        8.4437       14.3657       0.586190       0.01109
  23     466.2       13.7751        6.1545        8.1775       14.3320       0.556944       0.01038
  22     489.9       13.7706        6.3776        7.9229       14.3005       0.529866       0.00961
  21     513.7       13.7661        6.5954        7.6749       14.2703       0.504126       0.00914
  20     537.5       13.7618        6.8047        7.4369       14.2416       0.479760       0.00865
  19     561.3       13.7577        7.0063        7.2080       14.2143       0.456613       0.00822
  18     585.0       13.7537        7.2047        6.9831       14.1878       0.434023       0.00802
  17     608.8       13.7501        7.3953        6.7672       14.1625       0.412406       0.00767
  16     632.6       13.7467        7.5785        6.5598       14.1384       0.391688       0.00735
  15     656.4       13.7435        7.7584        6.3565       14.1149       0.371399       0.00720
  14     680.1       13.7406        7.9314        6.1611       14.0925       0.351894       0.00692
  13     703.9       13.7379        8.0979        5.9732       14.0711       0.333120       0.00666
  12     727.7       13.7355        8.2606        5.7897       14.0503       0.314761       0.00652
  11     751.5       13.7334        8.4196        5.6105       14.0302       0.296814       0.00637
  10     775.2       13.7315        8.5732        5.4377       14.0109       0.279476       0.00615
   9     799.0       13.7298        8.7215        5.2710       13.9925       0.262712       0.00595
   8     822.8        9.9615       10.2091        0.0000       10.2091       0.247607       0.00536
   7     846.6        6.5666        6.8042        0.0000        6.8042       0.237569       0.00356
   6     870.4        3.2789        3.5107        0.0000        3.5107       0.231841       0.00203
   5     894.1        0.0414        0.2712        0.0000        0.2712       0.229892       0.00069
   4     917.9        0.0381        0.2678        0.0000        0.2678       0.229734       0.00006
   3     941.7        0.0348        0.2644        0.0000        0.2644       0.229583       0.00005
   2     965.5        0.0315        0.2610        0.0000        0.2610       0.229439       0.00005
   1     989.2        0.0283        0.2576        0.0000        0.2576       0.229302       0.00005
   0    1013.0        0.0251        0.2542        0.0000        0.2542       0.229171       0.00005



 Wavenumbers: 38000. - 50000. cm-1, ATM      1
 LEVEL PRESSURE   UPWARD FLUX   DIFDOWN FLUX  DIRDOWN FLUX  DOWNWARD FLUX   NET FLUX    HEATING RATE
          mb          W/m2          W/m2          W/m2        W/m2          W/m2       degree/day
  60   .000300        0.0069        0.0000        1.7407        1.7407       1.733864       0.00000
  59    0.1000        0.0063        0.0006        1.7198        1.7204       1.714069       1.67562
  58    0.1403        0.0061        0.0008        1.7047        1.7056       1.699408       3.07012
  57    0.1968        0.0059        0.0012        1.6784        1.6796       1.673683       3.84232
  56    0.2760        0.0056        0.0016        1.6341        1.6357       1.630132       4.64062
  55    0.3871        0.0051        0.0021        1.5634        1.5655       1.560405       5.29648
  54    0.5430        0.0046        0.0028        1.4543        1.4571       1.452495       5.84133
  53    0.7617        0.0039        0.0034        1.2861        1.2895       1.285598       6.44019
  52     1.069        0.0031        0.0037        1.0457        1.0495       1.046342       6.58121
  51     1.499        0.0024        0.0037        0.7523        0.7559       0.753565       5.74202
  50     2.102        0.0017        0.0031        0.4664        0.4695       0.467843       3.99478
  49     2.949        0.0012        0.0024        0.2581        0.2604       0.259286       2.07895
  48     4.137        0.0008        0.0017        0.1381        0.1398       0.139011       0.85468
  47     5.803        0.0005        0.0013        0.0728        0.0741       0.073572       0.33150
  46     8.139        0.0003        0.0009        0.0388        0.0397       0.039349       0.12360
  45     11.42        0.0002        0.0006        0.0198        0.0204       0.020194       0.04932
  44     16.01        0.0001        0.0004        0.0090        0.0093       0.009236       0.02011
  43     22.46        0.0000        0.0002        0.0034        0.0036       0.003591       0.00739
  42     31.51        0.0000        0.0001        0.0011        0.0012       0.001179       0.00225
  41     44.20        0.0000        0.0000        0.0003        0.0003       0.000327       0.00057
  40     62.00        0.0000        0.0000        0.0001        0.0001       0.000070       0.00012
  39     85.78        0.0000        0.0000        0.0000        0.0000       0.000012       0.00002
  38     109.5        0.0000        0.0000        0.0000        0.0000       0.000002       0.00000
  37     133.1        0.0000        0.0000        0.0000        0.0000       0.000000       0.00000
  36     156.8        0.0000        0.0000        0.0000        0.0000       0.000000       0.00000
  35     180.6        0.0000        0.0000        0.0000        0.0000       0.000000       0.00000
  34     202.8        0.0000        0.0000        0.0000        0.0000       0.000000       0.00000
  33     228.4        0.0000        0.0000        0.0000        0.0000       0.000000       0.00000
  32     252.2        0.0000        0.0000        0.0000        0.0000       0.000000       0.00000
  31     276.0        0.0000        0.0000        0.0000        0.0000       0.000000       0.00000
  30     299.8        0.0000        0.0000        0.0000        0.0000       0.000000       0.00000
  29     323.5        0.0000        0.0000        0.0000        0.0000       0.000000       0.00000
  28     347.3        0.0000        0.0000        0.0000        0.0000       0.000000       0.00000
  27     371.1        0.0000        0.0000        0.0000        0.0000       0.000000       0.00000
  26     394.9        0.0000        0.0000        0.0000        0.0000       0.000000       0.00000
  25     418.6        0.0000        0.0000        0.0000        0.0000       0.000000       0.00000
  24     442.4        0.0000        0.0000        0.0000        0.0000       0.000000       0.00000
  23     466.2        0.0000        0.0000        0.0000        0.0000       0.000000       0.00000
  22     489.9        0.0000        0.0000        0.0000        0.0000       0.000000       0.00000
  21     513.7        0.0000        0.0000        0.0000        0.0000       0.000000       0.00000
  20     537.5        0.0000        0.0000        0.0000        0.0000       0.000000       0.00000
  19     561.3        0.0000        0.0000        0.0000        0.0000       0.000000       0.00000
  18     585.0        0.0000        0.0000        0.0000        0.0000       0.000000       0.00000
  17     608.8        0.0000        0.0000        0.0000        0.0000       0.000000       0.00000
  16     632.6        0.0000        0.0000        0.0000        0.0000       0.000000       0.00000
  15     656.4        0.0000        0.0000        0.0000        0.0000       0.000000       0.00000
  14     680.1        0.0000        0.0000        0.0000        0.0000       0.000000       0.00000
  13     703.9        0.0000        0.0000        0.0000        0.0000       0.000000       0.00000
  12     727.7        0.0000        0.0000        0.0000        0.0000       0.000000       0.00000
  11     751.5        0.0000        0.0000        0.0000        0.0000       0.000000       0.00000
  10     775.2        0.0000        0.0000        0.0000        0.0000       0.000000       0.00000
   9     799.0        0.0000        0.0000        0.0000        0.0000       0.000000       0.00000
   8     822.8        0.0000        0.0000        0.0000        0.0000       0.000000       0.00000
   7     846.6        0.0000        0.0000        0.0000        0.0000       0.000000       0.00000
   6     870.4        0.0000        0.0000        0.0000        0.0000       0.000000       0.00000
   5     894.1        0.0000        0.0000        0.0000        0.0000       0.000000       0.00000
   4     917.9        0.0000        0.0000        0.0000        0.0000       0.000000       0.00000
   3     941.7        0.0000        0.0000        0.0000        0.0000       0.000000       0.00000
   2     965.5        0.0000        0.0000        0.0000        0.0000       0.000000       0.00000
   1     989.2        0.0000        0.0000        0.0000        0.0000       0.000000       0.00000
   0    1013.0        0.0000        0.0000        0.0000        0.0000       0.000000       0.00000



 Wavenumbers:   820. -  2600. cm-1, ATM      1
 LEVEL PRESSURE   UPWARD FLUX   DIFDOWN FLUX  DIRDOWN FLUX  DOWNWARD FLUX   NET FLUX    HEATING RATE
          mb          W/m2          W/m2          W/m2        W/m2          W/m2       degree/day
  60   .000300        2.2392        0.0000        8.1430        8.1430       5.903734       0.00000
  59    0.1000        2.2392        0.0000        8.1331        8.1331       5.893847       0.83695
  58    0.1403        2.2392        0.0000        8.1309        8.1309       5.891708       0.44794
  57    0.1968        2.2392        0.0000        8.1281        8.1281       5.888867       0.42429
  56    0.2760        2.2392        0.0000        8.1245        8.1245       5.885299       0.38019
  55    0.3871        2.2392        0.0000        8.1201        8.1201       5.880837       0.33894
  54    0.5430        2.2392        0.0000        8.1143        8.1143       5.875079       0.31167
  53    0.7617        2.2392        0.0000        8.1063        8.1063       5.867091       0.30825
  52     1.069        2.2393        0.0000        8.0951        8.0951       5.855840       0.30949
  51     1.499        2.2393        0.0000        8.0799        8.0799       5.840645       0.29799
  50     2.102        2.2393        0.0000        8.0595        8.0595       5.820228       0.28547
  49     2.949        2.2393        0.0000        8.0314        8.0314       5.792079       0.28059
  48     4.137        2.2393        0.0000        7.9935        7.9935       5.754219       0.26904
  47     5.803        2.2393        0.0000        7.9444        7.9444       5.705078       0.24894
  46     8.139        2.2393        0.0000        7.8811        7.8811       5.641772       0.22863
  45     11.42        2.2394        0.0000        7.8004        7.8004       5.561007       0.20794
  44     16.01        2.2395        0.0000        7.7070        7.7070       5.467594       0.17146
  43     22.46        2.2395        0.0000        7.6181        7.6181       5.378536       0.11654
  42     31.51        2.2397        0.0000        7.5468        7.5468       5.307137       0.06661
  41     44.20        2.2399        0.0000        7.4816        7.4816       5.241760       0.04348
  40     62.00        2.2402        0.0000        7.3998        7.3998       5.159668       0.03892
  39     85.78        2.2406        0.0000        7.2958        7.2958       5.055246       0.03707
  38     109.5        2.2410        0.0000        7.1946        7.1946       4.953670       0.03606
  37     133.1        2.2414        0.0000        7.1003        7.1003       4.858891       0.03404
  36     156.8        2.2418        0.0000        7.0126        7.0126       4.770833       0.03123
  35     180.6        2.2423        0.0000        6.9166        6.9166       4.674291       0.03427
  34     202.8        2.2429        0.0000        6.8041        6.8042       4.561241       0.04292
  33     228.4        2.2437        0.0000        6.6630        6.6630       4.419332       0.04682
  32     252.2        2.2447        0.0000        6.4917        6.4917       4.246982       0.06118
  31     276.0        2.2459        0.0000        6.3090        6.3091       4.063138       0.06526
  30     299.8        2.2477        0.0000        6.1153        6.1153       3.867581       0.06941
  29     323.5        2.2502        0.0000        5.9197        5.9197       3.669557       0.07029
  28     347.3        2.2534        0.0000        5.7036        5.7036       3.450239       0.07785
  27     371.1        2.2573        0.0000        5.4648        5.4649       3.207608       0.08612
  26     394.9        2.2620        0.0000        5.2059        5.2060       2.943995       0.09357
  25     418.6        2.2676        0.0000        4.9521        4.9521       2.684545       0.09209
  24     442.4        2.2740        0.0000        4.7233        4.7234       2.449321       0.08349
  23     466.2        2.2812        0.0000        4.5370        4.5370       2.255807       0.06869
  22     489.9        2.2895        0.0000        4.3924        4.3925       2.102972       0.05425
  21     513.7        2.2994        0.0001        4.2764        4.2764       1.977006       0.04471
  20     537.5        2.3111        0.0001        4.1775        4.1776       1.866496       0.03923
  19     561.3        2.3248        0.0001        4.0839        4.0840       1.759201       0.03809
  18     585.0        2.3410        0.0001        3.9882        3.9883       1.647337       0.03971
  17     608.8        2.3596        0.0001        3.8907        3.8908       1.531170       0.04123
  16     632.6        2.3812        0.0001        3.7911        3.7912       1.409955       0.04303
  15     656.4        2.4073        0.0001        3.6867        3.6868       1.279474       0.04632
  14     680.1        2.4388        0.0001        3.5795        3.5796       1.140799       0.04922
  13     703.9        2.4768        0.0001        3.4709        3.4710       0.994210       0.05203
  12     727.7        2.5247        0.0001        3.3598        3.3599       0.835189       0.05645
  11     751.5        2.5878        0.0001        3.2443        3.2444       0.656563       0.06341
  10     775.2        2.6716        0.0001        3.1256        3.1256       0.454091       0.07187
   9     799.0        2.7859        0.0001        3.0033        3.0033       0.217451       0.08400
   8     822.8        0.9669        1.0373        0.0000        1.0373       0.070395       0.05220
   7     846.6        0.3648        0.3915        0.0000        0.3915       0.026691       0.01551
   6     870.4        0.1236        0.1352        0.0000        0.1352       0.011579       0.00536
   5     894.1        0.0003        0.0079        0.0000        0.0079       0.007597       0.00141
   4     917.9        0.0004        0.0077        0.0000        0.0077       0.007323       0.00010
   3     941.7        0.0004        0.0074        0.0000        0.0074       0.007038       0.00010
   2     965.5        0.0004        0.0071        0.0000        0.0071       0.006743       0.00010
   1     989.2        0.0004        0.0068        0.0000        0.0068       0.006437       0.00011
   0    1013.0        0.0004        0.0065        0.0000        0.0065       0.006123       0.00011

  Modules and versions used in this calculation:

       rrtmg_sw.1col.f90:  $Revision$                    rrtmg_sw_init.f90:  $Revision$        
     rrtmgsw_cldprop.f90:  $Revision$                  rrtmgsw_cldprmc.f90:  NOT USED          
     rrtmg_sw_reftra.f90:  $Revision$                  rrtmg_sw_spcvrt.f90:  NOT USED          
     rrtmg_sw_spcvmc.f90:  NOT USED                    rrtmgsw_setcoef.f90:  NOT USED          
     rrtmg_sw_taumol.f90:  $Revision$                  rrtmg_sw_vrtqdr.f90:  NOT USED          
                rrtatm.f:  NOT USED                             util_xxx.f:  NOT USED          
                 extra.f:  NOT USED                       rrtmg_sw_k_g.f90:  $Revision$        

