

 Wavenumbers:   820. - 50000. cm-1, ATM      1
 LEVEL PRESSURE   UPWARD FLUX   DIFDOWN FLUX  DIRDOWN FLUX  DOWNWARD FLUX   NET FLUX    HEATING RATE
          mb          W/m2          W/m2          W/m2        W/m2          W/m2       degree/day
  60   .000300        5.8325        0.0000       23.7501       23.7501      17.917620       0.00000
  59    0.1000        5.8244        0.0082       23.6790       23.6872      17.862829       4.63780
  58    0.1403        5.8213        0.0115       23.6441       23.6556      17.834340       5.96581
  57    0.1968        5.8169        0.0159       23.5978       23.6137      17.796722       5.61880
  56    0.2760        5.8111        0.0218       23.5432       23.5649      17.753787       4.57489
  55    0.3871        5.8032        0.0298       23.4826       23.5124      17.709219       3.38539
  54    0.5430        5.7924        0.0408       23.4128       23.4536      17.661129       2.60321
  53    0.7617        5.7778        0.0557       23.3257       23.3814      17.603636       2.21853
  52     1.069        5.7576        0.0761       23.2132       23.2893      17.531673       1.97950
  51     1.499        5.7305        0.1037       23.0655       23.1692      17.438717       1.82306
  50     2.102        5.6943        0.1407       22.8644       23.0051      17.310830       1.78804
  49     2.949        5.6450        0.1912       22.5751       22.7663      17.121213       1.89016
  48     4.137        5.5795        0.2588       22.1688       22.4277      16.848169       1.94026
  47     5.803        5.4930        0.3485       21.6288       21.9773      16.484330       1.84314
  46     8.139        5.3796        0.4662       20.9557       21.4219      16.042325       1.59633
  45     11.42        5.2327        0.6187       20.1620       20.7807      15.548012       1.27268
  44     16.01        5.0458        0.8121       19.2510       20.0631      15.017298       0.97413
  43     22.46        4.8132        1.0519       18.2275       19.2794      14.466231       0.72109
  42     31.51        4.5320        1.3400       17.1323       18.4723      13.940252       0.49067
  41     44.20        4.2031        1.6740       16.0166       17.6906      13.487560       0.30106
  40     62.00        3.8362        2.0423       14.8980       16.9403      13.104154       0.18178
  39     85.78        3.4571        2.4164       13.8602       16.2766      12.819472       0.10105
  38     109.5        3.1566        2.7076       13.0481       15.7557      12.599095       0.07822
  37     133.1        2.9221        2.9300       12.4180       15.3480      12.425950       0.06218
  36     156.8        2.7303        3.1080       11.9014       15.0094      12.279128       0.05206
  35     180.6        2.5550        3.2672       11.4230       14.6902      12.135143       0.05112
  34     202.8        2.4070        3.3985       10.9916       14.3901      11.983058       0.05774
  33     228.4        2.2722        3.5155       10.5475       14.0630      11.790765       0.06344
  32     252.2        2.1499        3.6191       10.0854       13.7044      11.554513       0.08386
  31     276.0        2.0394        3.7103        9.6137       13.3240      11.284687       0.09578
  30     299.8        1.9365        3.7931        9.1291       12.9222      10.985711       0.10612
  29     323.5        1.8407        3.8680        8.6488       12.5168      10.676082       0.10991
  28     347.3        1.7520        3.9353        8.1890       12.1243      10.372297       0.10783
  27     371.1        1.6697        3.9958        7.7657       11.7615      10.091800       0.09956
  26     394.9        1.5910        4.0517        7.3644       11.4162       9.825181       0.09464
  25     418.6        1.5167        4.1026        6.9874       11.0900       9.573320       0.08940
  24     442.4        1.4463        4.1490        6.6284       10.7774       9.331110       0.08597
  23     466.2        1.3791        4.1914        6.2889       10.4803       9.101175       0.08162
  22     489.9        1.3159        4.2296        5.9714       10.2010       8.885083       0.07670
  21     513.7        1.2552        4.2645        5.6676        9.9321       8.676944       0.07388
  20     537.5        1.1976        4.2958        5.3810        9.6768       8.479225       0.07018
  19     561.3        1.1429        4.3238        5.1101        9.4340       8.291057       0.06679
  18     585.0        1.0898        4.3494        4.8512        9.2006       8.110776       0.06399
  17     608.8        1.0395        4.3718        4.6098        8.9817       7.942187       0.05984
  16     632.6        0.9918        4.3915        4.3833        8.7748       7.783054       0.05649
  15     656.4        0.9456        4.4087        4.1639        8.5726       7.627073       0.05537
  14     680.1        0.9017        4.4232        3.9536        8.3768       7.475153       0.05393
  13     703.9        0.8599        4.4351        3.7524        8.1874       7.327482       0.05242
  12     727.7        0.8197        4.4445        3.5566        8.0010       7.181337       0.05188
  11     751.5        0.7808        4.4512        3.3642        7.8155       7.034645       0.05207
  10     775.2        0.7438        4.4553        3.1778        7.6332       6.889320       0.05158
   9     799.0        0.7086        4.4568        2.9971        7.4539       6.745247       0.05114
   8     822.8        0.6746        4.4559        2.8225        7.2784       6.603841       0.05019
   7     846.6        0.6420        4.4538        2.6617        7.1154       6.473448       0.04628
   6     870.4        0.6109        4.4503        2.5137        6.9641       6.353155       0.04270
   5     894.1        0.5813        4.4458        2.3767        6.8225       6.241227       0.03973
   4     917.9        0.5526        4.4400        2.2478        6.6878       6.135154       0.03765
   3     941.7        0.5250        4.4331        2.1260        6.5591       6.034053       0.03589
   2     965.5        0.4987        4.4251        2.0118        6.4369       5.938239       0.03401
   1     989.2        0.4734        4.4162        1.9048        6.3210       5.847570       0.03218
   0    1013.0        0.4492        4.4063        1.8047        6.2110       5.761829       0.03044



 Wavenumbers:  2600. -  3250. cm-1, ATM      1
 LEVEL PRESSURE   UPWARD FLUX   DIFDOWN FLUX  DIRDOWN FLUX  DOWNWARD FLUX   NET FLUX    HEATING RATE
          mb          W/m2          W/m2          W/m2        W/m2          W/m2       degree/day
  60   .000300        0.0002        0.0000        0.2093        0.2093       0.209161       0.00000
  59    0.1000        0.0002        0.0000        0.2092        0.2092       0.209090       0.00594
  58    0.1403        0.0002        0.0000        0.2092        0.2092       0.209063       0.00571
  57    0.1968        0.0002        0.0000        0.2092        0.2092       0.209026       0.00558
  56    0.2760        0.0002        0.0000        0.2091        0.2091       0.208976       0.00534
  55    0.3871        0.0002        0.0000        0.2091        0.2091       0.208906       0.00530
  54    0.5430        0.0002        0.0000        0.2090        0.2090       0.208810       0.00520
  53    0.7617        0.0002        0.0000        0.2088        0.2088       0.208675       0.00521
  52     1.069        0.0002        0.0000        0.2086        0.2086       0.208485       0.00521
  51     1.499        0.0002        0.0000        0.2084        0.2084       0.208224       0.00512
  50     2.102        0.0002        0.0000        0.2081        0.2081       0.207917       0.00429
  49     2.949        0.0002        0.0000        0.2077        0.2077       0.207560       0.00356
  48     4.137        0.0002        0.0000        0.2072        0.2072       0.207063       0.00353
  47     5.803        0.0002        0.0000        0.2065        0.2065       0.206307       0.00383
  46     8.139        0.0002        0.0000        0.2054        0.2054       0.205208       0.00397
  45     11.42        0.0002        0.0000        0.2038        0.2038       0.203690       0.00391
  44     16.01        0.0002        0.0000        0.2018        0.2018       0.201694       0.00366
  43     22.46        0.0002        0.0000        0.1993        0.1994       0.199201       0.00326
  42     31.51        0.0001        0.0000        0.1964        0.1965       0.196305       0.00270
  41     44.20        0.0001        0.0000        0.1933        0.1933       0.193192       0.00207
  40     62.00        0.0001        0.0000        0.1900        0.1900       0.189865       0.00158
  39     85.78        0.0001        0.0000        0.1858        0.1858       0.185653       0.00150
  38     109.5        0.0001        0.0000        0.1812        0.1813       0.181136       0.00160
  37     133.1        0.0001        0.0000        0.1767        0.1767       0.176583       0.00163
  36     156.8        0.0001        0.0001        0.1721        0.1722       0.172061       0.00160
  35     180.6        0.0001        0.0001        0.1672        0.1673       0.167170       0.00174
  34     202.8        0.0001        0.0001        0.1622        0.1623       0.162166       0.00190
  33     228.4        0.0001        0.0001        0.1563        0.1564       0.156299       0.00194
  32     252.2        0.0001        0.0001        0.1495        0.1495       0.149457       0.00243
  31     276.0        0.0001        0.0001        0.1422        0.1423       0.142226       0.00257
  30     299.8        0.0001        0.0001        0.1343        0.1344       0.134350       0.00280
  29     323.5        0.0001        0.0001        0.1259        0.1260       0.125913       0.00299
  28     347.3        0.0001        0.0001        0.1170        0.1171       0.117015       0.00316
  27     371.1        0.0001        0.0001        0.1079        0.1080       0.107994       0.00320
  26     394.9        0.0000        0.0001        0.0987        0.0989       0.098805       0.00326
  25     418.6        0.0000        0.0001        0.0898        0.0899       0.089901       0.00316
  24     442.4        0.0000        0.0001        0.0814        0.0815       0.081442       0.00300
  23     466.2        0.0000        0.0001        0.0736        0.0737       0.073674       0.00276
  22     489.9        0.0000        0.0001        0.0665        0.0666       0.066583       0.00252
  21     513.7        0.0000        0.0001        0.0598        0.0599       0.059904       0.00237
  20     537.5        0.0000        0.0001        0.0536        0.0537       0.053667       0.00221
  19     561.3        0.0000        0.0001        0.0478        0.0479       0.047897       0.00205
  18     585.0        0.0000        0.0001        0.0425        0.0426       0.042586       0.00189
  17     608.8        0.0000        0.0001        0.0377        0.0379       0.037835       0.00169
  16     632.6        0.0000        0.0001        0.0335        0.0336       0.033581       0.00151
  15     656.4        0.0000        0.0001        0.0295        0.0297       0.029641       0.00140
  14     680.1        0.0000        0.0001        0.0259        0.0260       0.025999       0.00129
  13     703.9        0.0000        0.0001        0.0225        0.0226       0.022614       0.00120
  12     727.7        0.0000        0.0001        0.0193        0.0194       0.019381       0.00115
  11     751.5        0.0000        0.0001        0.0162        0.0163       0.016253       0.00111
  10     775.2        0.0000        0.0001        0.0132        0.0133       0.013292       0.00105
   9     799.0        0.0000        0.0001        0.0105        0.0106       0.010546       0.00097
   8     822.8        0.0000        0.0001        0.0080        0.0081       0.008086       0.00087
   7     846.6        0.0000        0.0001        0.0060        0.0061       0.006079       0.00071
   6     870.4        0.0000        0.0001        0.0044        0.0045       0.004488       0.00056
   5     894.1        0.0000        0.0001        0.0032        0.0033       0.003252       0.00044
   4     917.9        0.0000        0.0001        0.0022        0.0023       0.002300       0.00034
   3     941.7        0.0000        0.0001        0.0015        0.0016       0.001586       0.00025
   2     965.5        0.0000        0.0001        0.0010        0.0011       0.001068       0.00018
   1     989.2        0.0000        0.0001        0.0006        0.0007       0.000704       0.00013
   0    1013.0        0.0000        0.0001        0.0004        0.0005       0.000457       0.00009



 Wavenumbers:  3250. -  4000. cm-1, ATM      1
 LEVEL PRESSURE   UPWARD FLUX   DIFDOWN FLUX  DIRDOWN FLUX  DOWNWARD FLUX   NET FLUX    HEATING RATE
          mb          W/m2          W/m2          W/m2        W/m2          W/m2       degree/day
  60   .000300        0.0003        0.0000        0.3529        0.3529       0.352608       0.00000
  59    0.1000        0.0003        0.0000        0.3503        0.3503       0.350000       0.22069
  58    0.1403        0.0003        0.0000        0.3498        0.3498       0.349558       0.09268
  57    0.1968        0.0003        0.0000        0.3493        0.3493       0.349067       0.07326
  56    0.2760        0.0003        0.0000        0.3488        0.3488       0.348498       0.06064
  55    0.3871        0.0003        0.0000        0.3480        0.3480       0.347749       0.05692
  54    0.5430        0.0003        0.0000        0.3470        0.3470       0.346708       0.05637
  53    0.7617        0.0003        0.0000        0.3455        0.3455       0.345255       0.05604
  52     1.069        0.0003        0.0000        0.3436        0.3436       0.343313       0.05342
  51     1.499        0.0003        0.0000        0.3411        0.3411       0.340852       0.04827
  50     2.102        0.0003        0.0000        0.3381        0.3381       0.337806       0.04259
  49     2.949        0.0003        0.0000        0.3344        0.3344       0.334146       0.03649
  48     4.137        0.0003        0.0000        0.3303        0.3303       0.330029       0.02925
  47     5.803        0.0003        0.0000        0.3258        0.3258       0.325506       0.02292
  46     8.139        0.0003        0.0000        0.3203        0.3203       0.320058       0.01967
  45     11.42        0.0003        0.0000        0.3127        0.3127       0.312478       0.01952
  44     16.01        0.0003        0.0000        0.3021        0.3021       0.301856       0.01950
  43     22.46        0.0002        0.0000        0.2886        0.2886       0.288368       0.01765
  42     31.51        0.0002        0.0000        0.2728        0.2728       0.272591       0.01472
  41     44.20        0.0002        0.0001        0.2555        0.2555       0.255316       0.01149
  40     62.00        0.0002        0.0001        0.2400        0.2401       0.239868       0.00732
  39     85.78        0.0002        0.0001        0.2290        0.2291       0.228930       0.00388
  38     109.5        0.0002        0.0001        0.2198        0.2199       0.219728       0.00327
  37     133.1        0.0001        0.0001        0.2111        0.2112       0.211075       0.00311
  36     156.8        0.0001        0.0002        0.2022        0.2024       0.202252       0.00313
  35     180.6        0.0001        0.0002        0.1907        0.1909       0.190814       0.00406
  34     202.8        0.0001        0.0002        0.1735        0.1737       0.173600       0.00654
  33     228.4        0.0001        0.0002        0.1508        0.1510       0.150962       0.00747
  32     252.2        0.0000        0.0002        0.1275        0.1277       0.127646       0.00828
  31     276.0        0.0000        0.0002        0.1059        0.1061       0.106092       0.00765
  30     299.8        0.0000        0.0002        0.0862        0.0864       0.086342       0.00701
  29     323.5        0.0000        0.0002        0.0688        0.0690       0.068994       0.00616
  28     347.3        0.0000        0.0002        0.0535        0.0537       0.053662       0.00544
  27     371.1        0.0000        0.0002        0.0403        0.0405       0.040446       0.00469
  26     394.9        0.0000        0.0002        0.0291        0.0293       0.029269       0.00397
  25     418.6        0.0000        0.0002        0.0202        0.0203       0.020327       0.00317
  24     442.4        0.0000        0.0002        0.0130        0.0131       0.013147       0.00255
  23     466.2        0.0000        0.0001        0.0075        0.0077       0.007674       0.00194
  22     489.9        0.0000        0.0001        0.0038        0.0039       0.003945       0.00132
  21     513.7        0.0000        0.0001        0.0016        0.0017       0.001722       0.00079
  20     537.5        0.0000        0.0001        0.0005        0.0007       0.000651       0.00038
  19     561.3        0.0000        0.0001        0.0001        0.0002       0.000240       0.00015
  18     585.0        0.0000        0.0001        0.0000        0.0001       0.000115       0.00004
  17     608.8        0.0000        0.0001        0.0000        0.0001       0.000081       0.00001
  16     632.6        0.0000        0.0001        0.0000        0.0001       0.000068       0.00000
  15     656.4        0.0000        0.0001        0.0000        0.0001       0.000059       0.00000
  14     680.1        0.0000        0.0000        0.0000        0.0000       0.000050       0.00000
  13     703.9        0.0000        0.0000        0.0000        0.0000       0.000042       0.00000
  12     727.7        0.0000        0.0000        0.0000        0.0000       0.000034       0.00000
  11     751.5        0.0000        0.0000        0.0000        0.0000       0.000027       0.00000
  10     775.2        0.0000        0.0000        0.0000        0.0000       0.000021       0.00000
   9     799.0        0.0000        0.0000        0.0000        0.0000       0.000015       0.00000
   8     822.8        0.0000        0.0000        0.0000        0.0000       0.000010       0.00000
   7     846.6        0.0000        0.0000        0.0000        0.0000       0.000007       0.00000
   6     870.4        0.0000        0.0000        0.0000        0.0000       0.000004       0.00000
   5     894.1        0.0000        0.0000        0.0000        0.0000       0.000003       0.00000
   4     917.9        0.0000        0.0000        0.0000        0.0000       0.000002       0.00000
   3     941.7        0.0000        0.0000        0.0000        0.0000       0.000001       0.00000
   2     965.5        0.0000        0.0000        0.0000        0.0000       0.000000       0.00000
   1     989.2        0.0000        0.0000        0.0000        0.0000       0.000000       0.00000
   0    1013.0        0.0000        0.0000        0.0000        0.0000       0.000000       0.00000



 Wavenumbers:  4000. -  4650. cm-1, ATM      1
 LEVEL PRESSURE   UPWARD FLUX   DIFDOWN FLUX  DIRDOWN FLUX  DOWNWARD FLUX   NET FLUX    HEATING RATE
          mb          W/m2          W/m2          W/m2        W/m2          W/m2       degree/day
  60   .000300        0.0045        0.0000        0.4144        0.4144       0.409920       0.00000
  59    0.1000        0.0045        0.0000        0.4144        0.4144       0.409911       0.00076
  58    0.1403        0.0045        0.0000        0.4144        0.4144       0.409907       0.00076
  57    0.1968        0.0045        0.0000        0.4144        0.4144       0.409902       0.00077
  56    0.2760        0.0045        0.0000        0.4144        0.4144       0.409895       0.00076
  55    0.3871        0.0045        0.0000        0.4144        0.4144       0.409884       0.00080
  54    0.5430        0.0045        0.0000        0.4143        0.4143       0.409869       0.00084
  53    0.7617        0.0045        0.0000        0.4143        0.4143       0.409844       0.00095
  52     1.069        0.0045        0.0000        0.4143        0.4143       0.409803       0.00113
  51     1.499        0.0045        0.0000        0.4142        0.4142       0.409727       0.00149
  50     2.102        0.0045        0.0000        0.4140        0.4141       0.409590       0.00192
  49     2.949        0.0045        0.0000        0.4138        0.4138       0.409348       0.00241
  48     4.137        0.0045        0.0000        0.4134        0.4134       0.408953       0.00281
  47     5.803        0.0044        0.0000        0.4128        0.4128       0.408351       0.00305
  46     8.139        0.0044        0.0000        0.4119        0.4119       0.407483       0.00314
  45     11.42        0.0044        0.0000        0.4107        0.4107       0.406281       0.00309
  44     16.01        0.0044        0.0001        0.4090        0.4091       0.404676       0.00295
  43     22.46        0.0044        0.0001        0.4069        0.4070       0.402561       0.00277
  42     31.51        0.0044        0.0001        0.4040        0.4041       0.399726       0.00264
  41     44.20        0.0043        0.0002        0.3999        0.4000       0.395698       0.00268
  40     62.00        0.0043        0.0002        0.3942        0.3944       0.390175       0.00262
  39     85.78        0.0042        0.0003        0.3873        0.3876       0.383425       0.00240
  38     109.5        0.0041        0.0004        0.3807        0.3811       0.376968       0.00229
  37     133.1        0.0040        0.0004        0.3747        0.3751       0.371120       0.00210
  36     156.8        0.0040        0.0005        0.3690        0.3695       0.365591       0.00196
  35     180.6        0.0039        0.0006        0.3629        0.3635       0.359650       0.00211
  34     202.8        0.0038        0.0007        0.3568        0.3574       0.353632       0.00229
  33     228.4        0.0037        0.0007        0.3499        0.3506       0.346883       0.00223
  32     252.2        0.0037        0.0008        0.3423        0.3431       0.339397       0.00266
  31     276.0        0.0036        0.0009        0.3339        0.3347       0.331145       0.00293
  30     299.8        0.0035        0.0009        0.3244        0.3253       0.321783       0.00332
  29     323.5        0.0035        0.0010        0.3140        0.3150       0.311498       0.00365
  28     347.3        0.0034        0.0011        0.3027        0.3037       0.300322       0.00397
  27     371.1        0.0034        0.0011        0.2915        0.2926       0.289262       0.00393
  26     394.9        0.0033        0.0012        0.2803        0.2814       0.278139       0.00395
  25     418.6        0.0032        0.0012        0.2692        0.2705       0.267224       0.00387
  24     442.4        0.0032        0.0013        0.2585        0.2598       0.256583       0.00378
  23     466.2        0.0031        0.0013        0.2482        0.2495       0.246347       0.00363
  22     489.9        0.0031        0.0014        0.2382        0.2396       0.236481       0.00350
  21     513.7        0.0030        0.0014        0.2284        0.2298       0.226735       0.00346
  20     537.5        0.0030        0.0014        0.2188        0.2202       0.217232       0.00337
  19     561.3        0.0030        0.0015        0.2095        0.2110       0.207995       0.00328
  18     585.0        0.0029        0.0015        0.2004        0.2019       0.199009       0.00319
  17     608.8        0.0029        0.0015        0.1919        0.1935       0.190590       0.00299
  16     632.6        0.0028        0.0016        0.1840        0.1856       0.182738       0.00279
  15     656.4        0.0028        0.0016        0.1764        0.1780       0.175204       0.00267
  14     680.1        0.0028        0.0016        0.1692        0.1708       0.168014       0.00255
  13     703.9        0.0027        0.0016        0.1622        0.1638       0.161084       0.00246
  12     727.7        0.0027        0.0016        0.1552        0.1569       0.154165       0.00246
  11     751.5        0.0027        0.0016        0.1481        0.1497       0.147008       0.00254
  10     775.2        0.0027        0.0017        0.1406        0.1422       0.139585       0.00263
   9     799.0        0.0026        0.0017        0.1328        0.1344       0.131808       0.00276
   8     822.8        0.0026        0.0017        0.1247        0.1264       0.123756       0.00286
   7     846.6        0.0026        0.0017        0.1170        0.1186       0.116053       0.00273
   6     870.4        0.0026        0.0017        0.1096        0.1113       0.108723       0.00260
   5     894.1        0.0026        0.0017        0.1026        0.1043       0.101701       0.00249
   4     917.9        0.0025        0.0017        0.0958        0.0974       0.094872       0.00242
   3     941.7        0.0025        0.0017        0.0891        0.0907       0.088179       0.00238
   2     965.5        0.0025        0.0017        0.0825        0.0842       0.081647       0.00232
   1     989.2        0.0025        0.0016        0.0761        0.0778       0.075271       0.00226
   0    1013.0        0.0025        0.0016        0.0699        0.0716       0.069059       0.00221



 Wavenumbers:  4650. -  5150. cm-1, ATM      1
 LEVEL PRESSURE   UPWARD FLUX   DIFDOWN FLUX  DIRDOWN FLUX  DOWNWARD FLUX   NET FLUX    HEATING RATE
          mb          W/m2          W/m2          W/m2        W/m2          W/m2       degree/day
  60   .000300        0.0037        0.0000        0.3922        0.3922       0.388491       0.00000
  59    0.1000        0.0037        0.0000        0.3909        0.3909       0.387167       0.11203
  58    0.1403        0.0037        0.0000        0.3907        0.3907       0.386907       0.05451
  57    0.1968        0.0037        0.0000        0.3904        0.3904       0.386656       0.03743
  56    0.2760        0.0037        0.0000        0.3902        0.3902       0.386421       0.02502
  55    0.3871        0.0037        0.0000        0.3899        0.3899       0.386174       0.01876
  54    0.5430        0.0037        0.0000        0.3896        0.3896       0.385863       0.01683
  53    0.7617        0.0037        0.0000        0.3892        0.3892       0.385419       0.01717
  52     1.069        0.0037        0.0000        0.3885        0.3885       0.384786       0.01740
  51     1.499        0.0037        0.0000        0.3877        0.3877       0.383938       0.01664
  50     2.102        0.0037        0.0000        0.3865        0.3866       0.382822       0.01560
  49     2.949        0.0037        0.0000        0.3851        0.3851       0.381343       0.01475
  48     4.137        0.0037        0.0000        0.3831        0.3831       0.379416       0.01369
  47     5.803        0.0037        0.0000        0.3806        0.3806       0.376931       0.01259
  46     8.139        0.0037        0.0000        0.3774        0.3775       0.373763       0.01144
  45     11.42        0.0037        0.0001        0.3735        0.3736       0.369869       0.01003
  44     16.01        0.0037        0.0001        0.3690        0.3691       0.365394       0.00821
  43     22.46        0.0036        0.0001        0.3641        0.3642       0.360595       0.00628
  42     31.51        0.0036        0.0002        0.3587        0.3589       0.355285       0.00495
  41     44.20        0.0035        0.0002        0.3514        0.3516       0.348068       0.00480
  40     62.00        0.0034        0.0003        0.3401        0.3404       0.336943       0.00527
  39     85.78        0.0033        0.0004        0.3241        0.3245       0.321203       0.00559
  38     109.5        0.0032        0.0005        0.3085        0.3090       0.305821       0.00546
  37     133.1        0.0031        0.0006        0.2947        0.2953       0.292191       0.00489
  36     156.8        0.0030        0.0007        0.2826        0.2833       0.280245       0.00424
  35     180.6        0.0029        0.0008        0.2709        0.2717       0.268807       0.00406
  34     202.8        0.0029        0.0009        0.2607        0.2616       0.258711       0.00383
  33     228.4        0.0028        0.0010        0.2507        0.2517       0.248902       0.00324
  32     252.2        0.0027        0.0010        0.2409        0.2420       0.239277       0.00342
  31     276.0        0.0026        0.0011        0.2312        0.2323       0.229707       0.00340
  30     299.8        0.0025        0.0012        0.2211        0.2223       0.219723       0.00354
  29     323.5        0.0025        0.0013        0.2107        0.2119       0.209478       0.00364
  28     347.3        0.0024        0.0013        0.2006        0.2019       0.199532       0.00353
  27     371.1        0.0023        0.0014        0.1910        0.1924       0.190036       0.00337
  26     394.9        0.0023        0.0014        0.1817        0.1832       0.180902       0.00324
  25     418.6        0.0022        0.0015        0.1730        0.1745       0.172295       0.00306
  24     442.4        0.0022        0.0015        0.1648        0.1664       0.164199       0.00287
  23     466.2        0.0021        0.0016        0.1571        0.1587       0.156598       0.00270
  22     489.9        0.0021        0.0016        0.1499        0.1515       0.149432       0.00254
  21     513.7        0.0020        0.0016        0.1429        0.1445       0.142503       0.00246
  20     537.5        0.0020        0.0017        0.1361        0.1378       0.135828       0.00237
  19     561.3        0.0019        0.0017        0.1295        0.1312       0.129325       0.00231
  18     585.0        0.0019        0.0017        0.1231        0.1248       0.122940       0.00227
  17     608.8        0.0018        0.0018        0.1169        0.1187       0.116828       0.00217
  16     632.6        0.0018        0.0018        0.1110        0.1128       0.110964       0.00208
  15     656.4        0.0018        0.0018        0.1051        0.1070       0.105181       0.00205
  14     680.1        0.0017        0.0018        0.0995        0.1013       0.099604       0.00198
  13     703.9        0.0017        0.0018        0.0941        0.0959       0.094240       0.00190
  12     727.7        0.0017        0.0018        0.0888        0.0907       0.088983       0.00187
  11     751.5        0.0017        0.0018        0.0836        0.0854       0.083774       0.00185
  10     775.2        0.0016        0.0019        0.0784        0.0803       0.078648       0.00182
   9     799.0        0.0016        0.0019        0.0733        0.0752       0.073594       0.00179
   8     822.8        0.0016        0.0019        0.0685        0.0703       0.068756       0.00172
   7     846.6        0.0016        0.0018        0.0640        0.0659       0.064295       0.00158
   6     870.4        0.0015        0.0018        0.0599        0.0617       0.060187       0.00146
   5     894.1        0.0015        0.0018        0.0561        0.0579       0.056373       0.00135
   4     917.9        0.0015        0.0018        0.0524        0.0543       0.052758       0.00128
   3     941.7        0.0015        0.0018        0.0490        0.0508       0.049310       0.00122
   2     965.5        0.0015        0.0018        0.0457        0.0475       0.046020       0.00117
   1     989.2        0.0015        0.0018        0.0425        0.0444       0.042874       0.00112
   0    1013.0        0.0015        0.0018        0.0395        0.0413       0.039854       0.00107



 Wavenumbers:  5150. -  6150. cm-1, ATM      1
 LEVEL PRESSURE   UPWARD FLUX   DIFDOWN FLUX  DIRDOWN FLUX  DOWNWARD FLUX   NET FLUX    HEATING RATE
          mb          W/m2          W/m2          W/m2        W/m2          W/m2       degree/day
  60   .000300        0.0201        0.0000        0.9833        0.9833       0.963221       0.00000
  59    0.1000        0.0201        0.0000        0.9829        0.9829       0.962737       0.04098
  58    0.1403        0.0201        0.0000        0.9827        0.9827       0.962548       0.03960
  57    0.1968        0.0201        0.0000        0.9824        0.9824       0.962288       0.03886
  56    0.2760        0.0201        0.0000        0.9820        0.9821       0.961938       0.03726
  55    0.3871        0.0201        0.0000        0.9816        0.9816       0.961468       0.03572
  54    0.5430        0.0201        0.0000        0.9809        0.9810       0.960850       0.03343
  53    0.7617        0.0201        0.0000        0.9801        0.9802       0.960060       0.03050
  52     1.069        0.0201        0.0000        0.9791        0.9792       0.959072       0.02717
  51     1.499        0.0201        0.0000        0.9780        0.9780       0.957908       0.02284
  50     2.102        0.0201        0.0001        0.9766        0.9767       0.956620       0.01800
  49     2.949        0.0201        0.0001        0.9753        0.9753       0.955275       0.01341
  48     4.137        0.0200        0.0001        0.9739        0.9740       0.954013       0.00897
  47     5.803        0.0200        0.0001        0.9728        0.9729       0.952926       0.00551
  46     8.139        0.0199        0.0002        0.9717        0.9719       0.951974       0.00344
  45     11.42        0.0198        0.0003        0.9705        0.9708       0.950946       0.00265
  44     16.01        0.0197        0.0004        0.9688        0.9692       0.949502       0.00265
  43     22.46        0.0196        0.0006        0.9662        0.9668       0.947213       0.00300
  42     31.51        0.0194        0.0008        0.9621        0.9628       0.943474       0.00349
  41     44.20        0.0190        0.0011        0.9552        0.9563       0.937240       0.00415
  40     62.00        0.0186        0.0015        0.9443        0.9458       0.927205       0.00476
  39     85.78        0.0181        0.0021        0.9287        0.9308       0.912707       0.00515
  38     109.5        0.0175        0.0026        0.9127        0.9153       0.897832       0.00528
  37     133.1        0.0170        0.0032        0.8977        0.9009       0.883902       0.00500
  36     156.8        0.0165        0.0037        0.8834        0.8871       0.870633       0.00471
  35     180.6        0.0159        0.0042        0.8666        0.8708       0.854810       0.00562
  34     202.8        0.0154        0.0047        0.8438        0.8485       0.833054       0.00826
  33     228.4        0.0150        0.0052        0.8088        0.8140       0.799052       0.01122
  32     252.2        0.0145        0.0056        0.7615        0.7671       0.752596       0.01649
  31     276.0        0.0141        0.0060        0.7080        0.7140       0.699924       0.01870
  30     299.8        0.0136        0.0063        0.6523        0.6586       0.644981       0.01950
  29     323.5        0.0133        0.0066        0.6012        0.6077       0.594465       0.01793
  28     347.3        0.0129        0.0068        0.5586        0.5654       0.552471       0.01491
  27     371.1        0.0126        0.0070        0.5261        0.5331       0.520491       0.01135
  26     394.9        0.0123        0.0071        0.5011        0.5082       0.495875       0.00874
  25     418.6        0.0120        0.0072        0.4818        0.4890       0.476946       0.00672
  24     442.4        0.0117        0.0073        0.4656        0.4729       0.461197       0.00559
  23     466.2        0.0115        0.0074        0.4509        0.4583       0.446874       0.00508
  22     489.9        0.0112        0.0075        0.4368        0.4443       0.433093       0.00489
  21     513.7        0.0109        0.0076        0.4230        0.4306       0.419614       0.00478
  20     537.5        0.0107        0.0077        0.4100        0.4177       0.407001       0.00448
  19     561.3        0.0105        0.0077        0.3982        0.4059       0.395479       0.00409
  18     585.0        0.0102        0.0078        0.3873        0.3952       0.384948       0.00374
  17     608.8        0.0100        0.0079        0.3774        0.3854       0.375361       0.00340
  16     632.6        0.0098        0.0080        0.3680        0.3761       0.366271       0.00323
  15     656.4        0.0096        0.0081        0.3584        0.3665       0.356956       0.00331
  14     680.1        0.0094        0.0082        0.3483        0.3566       0.347199       0.00346
  13     703.9        0.0092        0.0084        0.3377        0.3461       0.336885       0.00366
  12     727.7        0.0090        0.0085        0.3263        0.3348       0.325775       0.00394
  11     751.5        0.0088        0.0086        0.3140        0.3225       0.313736       0.00427
  10     775.2        0.0086        0.0086        0.3010        0.3096       0.301025       0.00451
   9     799.0        0.0084        0.0087        0.2876        0.2963       0.287870       0.00467
   8     822.8        0.0083        0.0088        0.2741        0.2829       0.274626       0.00470
   7     846.6        0.0081        0.0088        0.2617        0.2705       0.262391       0.00434
   6     870.4        0.0080        0.0089        0.2503        0.2592       0.251184       0.00398
   5     894.1        0.0078        0.0089        0.2397        0.2487       0.240839       0.00367
   4     917.9        0.0077        0.0090        0.2298        0.2388       0.231103       0.00346
   3     941.7        0.0076        0.0090        0.2204        0.2294       0.221822       0.00329
   2     965.5        0.0075        0.0091        0.2113        0.2204       0.212913       0.00316
   1     989.2        0.0074        0.0091        0.2026        0.2117       0.204307       0.00305
   0    1013.0        0.0073        0.0091        0.1940        0.2032       0.195919       0.00298



 Wavenumbers:  6150. -  7700. cm-1, ATM      1
 LEVEL PRESSURE   UPWARD FLUX   DIFDOWN FLUX  DIRDOWN FLUX  DOWNWARD FLUX   NET FLUX    HEATING RATE
          mb          W/m2          W/m2          W/m2        W/m2          W/m2       degree/day
  60   .000300        0.0633        0.0000        1.8187        1.8187       1.755440       0.00000
  59    0.1000        0.0633        0.0000        1.8181        1.8181       1.754790       0.05502
  58    0.1403        0.0633        0.0000        1.8178        1.8178       1.754532       0.05399
  57    0.1968        0.0633        0.0000        1.8174        1.8174       1.754173       0.05355
  56    0.2760        0.0633        0.0000        1.8169        1.8170       1.753684       0.05210
  55    0.3871        0.0633        0.0000        1.8162        1.8163       1.753014       0.05093
  54    0.5430        0.0632        0.0001        1.8153        1.8153       1.752112       0.04882
  53    0.7617        0.0632        0.0001        1.8140        1.8141       1.750911       0.04635
  52     1.069        0.0632        0.0001        1.8124        1.8125       1.749337       0.04330
  51     1.499        0.0631        0.0002        1.8103        1.8105       1.747367       0.03864
  50     2.102        0.0631        0.0002        1.8079        1.8081       1.745002       0.03307
  49     2.949        0.0630        0.0003        1.8049        1.8052       1.742246       0.02747
  48     4.137        0.0629        0.0004        1.8017        1.8021       1.739285       0.02104
  47     5.803        0.0627        0.0006        1.7984        1.7990       1.736362       0.01481
  46     8.139        0.0624        0.0009        1.7953        1.7961       1.733667       0.00973
  45     11.42        0.0621        0.0012        1.7921        1.7933       1.731177       0.00641
  44     16.01        0.0616        0.0017        1.7885        1.7901       1.728506       0.00490
  43     22.46        0.0610        0.0023        1.7835        1.7859       1.724912       0.00470
  42     31.51        0.0600        0.0033        1.7762        1.7794       1.719385       0.00516
  41     44.20        0.0587        0.0046        1.7648        1.7694       1.710628       0.00582
  40     62.00        0.0569        0.0064        1.7478        1.7541       1.697166       0.00638
  39     85.78        0.0546        0.0087        1.7241        1.7328       1.678245       0.00672
  38     109.5        0.0522        0.0111        1.7000        1.7112       1.658959       0.00685
  37     133.1        0.0499        0.0134        1.6776        1.6910       1.641055       0.00643
  36     156.8        0.0478        0.0155        1.6561        1.6716       1.623880       0.00609
  35     180.6        0.0455        0.0178        1.6305        1.6483       1.602830       0.00747
  34     202.8        0.0433        0.0200        1.5962        1.6162       1.572845       0.01138
  33     228.4        0.0412        0.0220        1.5446        1.5667       1.525478       0.01563
  32     252.2        0.0391        0.0240        1.4735        1.4975       1.458405       0.02381
  31     276.0        0.0372        0.0258        1.3864        1.4122       1.374974       0.02961
  30     299.8        0.0354        0.0273        1.2899        1.3172       1.281817       0.03307
  29     323.5        0.0337        0.0287        1.1935        1.2222       1.188496       0.03313
  28     347.3        0.0321        0.0298        1.1042        1.1339       1.101805       0.03077
  27     371.1        0.0307        0.0307        1.0265        1.0571       1.026404       0.02676
  26     394.9        0.0294        0.0314        0.9565        0.9879       0.958557       0.02408
  25     418.6        0.0281        0.0320        0.8945        0.9265       0.898364       0.02137
  24     442.4        0.0269        0.0324        0.8389        0.8713       0.844324       0.01918
  23     466.2        0.0258        0.0327        0.7894        0.8222       0.796323       0.01704
  22     489.9        0.0248        0.0330        0.7453        0.7783       0.753478       0.01521
  21     513.7        0.0238        0.0332        0.7044        0.7376       0.713766       0.01410
  20     537.5        0.0229        0.0333        0.6671        0.7004       0.677493       0.01288
  19     561.3        0.0220        0.0333        0.6331        0.6664       0.644408       0.01174
  18     585.0        0.0212        0.0334        0.6017        0.6351       0.613930       0.01082
  17     608.8        0.0204        0.0334        0.5733        0.6067       0.586295       0.00981
  16     632.6        0.0196        0.0334        0.5470        0.5804       0.560741       0.00907
  15     656.4        0.0189        0.0334        0.5217        0.5551       0.536171       0.00872
  14     680.1        0.0182        0.0333        0.4979        0.5312       0.512982       0.00823
  13     703.9        0.0176        0.0332        0.4758        0.5091       0.491507       0.00762
  12     727.7        0.0170        0.0331        0.4554        0.4885       0.471589       0.00707
  11     751.5        0.0164        0.0330        0.4363        0.4693       0.452945       0.00662
  10     775.2        0.0158        0.0328        0.4185        0.4513       0.435520       0.00619
   9     799.0        0.0152        0.0326        0.4015        0.4341       0.418821       0.00593
   8     822.8        0.0147        0.0323        0.3847        0.4170       0.402327       0.00585
   7     846.6        0.0142        0.0322        0.3688        0.4009       0.386729       0.00554
   6     870.4        0.0137        0.0320        0.3535        0.3855       0.371787       0.00530
   5     894.1        0.0133        0.0319        0.3388        0.3707       0.357379       0.00511
   4     917.9        0.0129        0.0317        0.3245        0.3562       0.343382       0.00497
   3     941.7        0.0124        0.0316        0.3106        0.3422       0.329750       0.00484
   2     965.5        0.0121        0.0315        0.2973        0.3288       0.316694       0.00463
   1     989.2        0.0117        0.0313        0.2847        0.3160       0.304321       0.00439
   0    1013.0        0.0114        0.0312        0.2729        0.3041       0.292711       0.00412



 Wavenumbers:  7700. -  8050. cm-1, ATM      1
 LEVEL PRESSURE   UPWARD FLUX   DIFDOWN FLUX  DIRDOWN FLUX  DOWNWARD FLUX   NET FLUX    HEATING RATE
          mb          W/m2          W/m2          W/m2        W/m2          W/m2       degree/day
  60   .000300        0.0173        0.0000        0.4298        0.4298       0.412491       0.00000
  59    0.1000        0.0173        0.0000        0.4297        0.4297       0.412330       0.01358
  58    0.1403        0.0173        0.0000        0.4296        0.4296       0.412265       0.01364
  57    0.1968        0.0173        0.0000        0.4295        0.4295       0.412173       0.01369
  56    0.2760        0.0173        0.0000        0.4294        0.4294       0.412046       0.01356
  55    0.3871        0.0173        0.0000        0.4292        0.4292       0.411867       0.01359
  54    0.5430        0.0173        0.0000        0.4289        0.4289       0.411618       0.01349
  53    0.7617        0.0173        0.0000        0.4285        0.4286       0.411271       0.01341
  52     1.069        0.0173        0.0000        0.4280        0.4281       0.410783       0.01342
  51     1.499        0.0173        0.0001        0.4273        0.4274       0.410110       0.01319
  50     2.102        0.0172        0.0001        0.4264        0.4264       0.409189       0.01288
  49     2.949        0.0172        0.0001        0.4250        0.4251       0.407903       0.01282
  48     4.137        0.0172        0.0002        0.4231        0.4233       0.406139       0.01254
  47     5.803        0.0171        0.0002        0.4206        0.4209       0.403749       0.01211
  46     8.139        0.0170        0.0003        0.4172        0.4176       0.400545       0.01157
  45     11.42        0.0169        0.0005        0.4127        0.4132       0.396303       0.01092
  44     16.01        0.0167        0.0006        0.4069        0.4075       0.390806       0.01009
  43     22.46        0.0165        0.0009        0.3994        0.4003       0.383819       0.00914
  42     31.51        0.0161        0.0012        0.3901        0.3913       0.375134       0.00810
  41     44.20        0.0157        0.0017        0.3785        0.3802       0.364505       0.00707
  40     62.00        0.0151        0.0023        0.3644        0.3667       0.351656       0.00609
  39     85.78        0.0143        0.0031        0.3478        0.3509       0.336550       0.00536
  38     109.5        0.0136        0.0039        0.3322        0.3361       0.322524       0.00498
  37     133.1        0.0129        0.0046        0.3181        0.3227       0.309791       0.00457
  36     156.8        0.0122        0.0052        0.3049        0.3102       0.297939       0.00420
  35     180.6        0.0116        0.0059        0.2915        0.2974       0.285838       0.00430
  34     202.8        0.0109        0.0065        0.2791        0.2856       0.274618       0.00426
  33     228.4        0.0103        0.0071        0.2668        0.2739       0.263574       0.00364
  32     252.2        0.0098        0.0077        0.2550        0.2627       0.252887       0.00379
  31     276.0        0.0092        0.0082        0.2437        0.2519       0.242684       0.00362
  30     299.8        0.0087        0.0087        0.2327        0.2415       0.232735       0.00353
  29     323.5        0.0082        0.0092        0.2221        0.2313       0.223072       0.00343
  28     347.3        0.0077        0.0097        0.2118        0.2215       0.213766       0.00330
  27     371.1        0.0073        0.0101        0.2020        0.2121       0.204826       0.00317
  26     394.9        0.0069        0.0106        0.1923        0.2029       0.195988       0.00314
  25     418.6        0.0065        0.0110        0.1829        0.1938       0.187372       0.00306
  24     442.4        0.0061        0.0114        0.1737        0.1850       0.178975       0.00298
  23     466.2        0.0057        0.0117        0.1648        0.1765       0.170776       0.00291
  22     489.9        0.0054        0.0120        0.1562        0.1682       0.162864       0.00281
  21     513.7        0.0050        0.0124        0.1477        0.1601       0.155074       0.00276
  20     537.5        0.0047        0.0127        0.1396        0.1522       0.147516       0.00268
  19     561.3        0.0044        0.0129        0.1317        0.1446       0.140174       0.00261
  18     585.0        0.0041        0.0132        0.1238        0.1370       0.132866       0.00259
  17     608.8        0.0039        0.0134        0.1163        0.1297       0.125812       0.00250
  16     632.6        0.0036        0.0137        0.1090        0.1226       0.118977       0.00243
  15     656.4        0.0034        0.0139        0.1018        0.1156       0.112229       0.00240
  14     680.1        0.0032        0.0140        0.0948        0.1088       0.105635       0.00234
  13     703.9        0.0030        0.0142        0.0880        0.1022       0.099220       0.00228
  12     727.7        0.0028        0.0144        0.0813        0.0957       0.092864       0.00226
  11     751.5        0.0026        0.0145        0.0747        0.0892       0.086562       0.00224
  10     775.2        0.0025        0.0146        0.0683        0.0829       0.080375       0.00220
   9     799.0        0.0024        0.0147        0.0620        0.0767       0.074313       0.00215
   8     822.8        0.0022        0.0148        0.0558        0.0706       0.068376       0.00211
   7     846.6        0.0021        0.0148        0.0501        0.0649       0.062789       0.00198
   6     870.4        0.0020        0.0149        0.0447        0.0596       0.057598       0.00184
   5     894.1        0.0019        0.0149        0.0398        0.0547       0.052782       0.00171
   4     917.9        0.0019        0.0150        0.0352        0.0501       0.048284       0.00160
   3     941.7        0.0018        0.0150        0.0309        0.0459       0.044103       0.00148
   2     965.5        0.0017        0.0150        0.0270        0.0420       0.040257       0.00137
   1     989.2        0.0017        0.0149        0.0235        0.0384       0.036745       0.00125
   0    1013.0        0.0016        0.0149        0.0203        0.0352       0.033553       0.00113



 Wavenumbers:  8050. - 12850. cm-1, ATM      1
 LEVEL PRESSURE   UPWARD FLUX   DIFDOWN FLUX  DIRDOWN FLUX  DOWNWARD FLUX   NET FLUX    HEATING RATE
          mb          W/m2          W/m2          W/m2        W/m2          W/m2       degree/day
  60   .000300        1.2399        0.0000        6.0178        6.0178       4.777944       0.00000
  59    0.1000        1.2397        0.0002        6.0174        6.0176       4.777944      -0.00000
  58    0.1403        1.2396        0.0003        6.0173        6.0175       4.777944      -0.00000
  57    0.1968        1.2395        0.0004        6.0170        6.0174       4.777944       0.00000
  56    0.2760        1.2393        0.0005        6.0167        6.0173       4.777944       0.00000
  55    0.3871        1.2391        0.0008        6.0163        6.0171       4.777944      -0.00000
  54    0.5430        1.2388        0.0011        6.0157        6.0167       4.777944       0.00000
  53    0.7617        1.2384        0.0015        6.0148        6.0163       4.777944       0.00000
  52     1.069        1.2378        0.0021        6.0136        6.0157       4.777944       0.00000
  51     1.499        1.2369        0.0030        6.0119        6.0149       4.777944       0.00000
  50     2.102        1.2358        0.0042        6.0095        6.0137       4.777944      -0.00000
  49     2.949        1.2341        0.0058        6.0062        6.0120       4.777944       0.00000
  48     4.137        1.2318        0.0082        6.0015        6.0097       4.777944       0.00000
  47     5.803        1.2285        0.0115        5.9950        6.0065       4.777944       0.00000
  46     8.139        1.2240        0.0161        5.9858        6.0019       4.777944      -0.00000
  45     11.42        1.2176        0.0225        5.9730        5.9956       4.777944       0.00000
  44     16.01        1.2087        0.0315        5.9552        5.9867       4.777944      -0.00000
  43     22.46        1.1963        0.0440        5.9302        5.9743       4.777944       0.00000
  42     31.51        1.1790        0.0615        5.8954        5.9569       4.777944      -0.00000
  41     44.20        1.1548        0.0860        5.8468        5.9328       4.777944      -0.00000
  40     62.00        1.1214        0.1197        5.7797        5.8994       4.777944       0.00000
  39     85.78        1.0774        0.1642        5.6912        5.8553       4.777944       0.00000
  38     109.5        1.0333        0.2086        5.5918        5.8004       4.767094       0.00385
  37     133.1        0.9916        0.2507        5.4996        5.7503       4.758704       0.00301
  36     156.8        0.9515        0.2910        5.4120        5.7030       4.751431       0.00258
  35     180.6        0.9096        0.3332        5.3191        5.6522       4.742604       0.00313
  34     202.8        0.8699        0.3731        5.2257        5.5988       4.728868       0.00522
  33     228.4        0.8301        0.4130        5.1217        5.5347       4.704566       0.00802
  32     252.2        0.7910        0.4522        5.0045        5.4566       4.665665       0.01381
  31     276.0        0.7531        0.4899        4.8724        5.3623       4.609227       0.02003
  30     299.8        0.7159        0.5268        4.7219        5.2487       4.532857       0.02711
  29     323.5        0.6796        0.5625        4.5560        5.1185       4.438905       0.03335
  28     347.3        0.6448        0.5965        4.3813        4.9777       4.332966       0.03760
  27     371.1        0.6115        0.6286        4.2074        4.8360       4.224534       0.03849
  26     394.9        0.5789        0.6597        4.0311        4.6908       4.111837       0.04000
  25     418.6        0.5476        0.6891        3.8547        4.5439       3.996305       0.04101
  24     442.4        0.5174        0.7170        3.6779        4.3949       3.877425       0.04220
  23     466.2        0.4884        0.7433        3.5045        4.2478       3.759436       0.04188
  22     489.9        0.4608        0.7678        3.3389        4.1068       3.645942       0.04029
  21     513.7        0.4342        0.7909        3.1781        3.9691       3.534836       0.03944
  20     537.5        0.4090        0.8122        3.0244        3.8367       3.427702       0.03803
  19     561.3        0.3849        0.8319        2.8774        3.7093       3.324348       0.03669
  18     585.0        0.3616        0.8503        2.7358        3.5861       3.224446       0.03546
  17     608.8        0.3395        0.8672        2.6029        3.4701       3.130586       0.03332
  16     632.6        0.3186        0.8827        2.4779        3.3606       3.041987       0.03145
  15     656.4        0.2984        0.8970        2.3565        3.2535       2.955151       0.03082
  14     680.1        0.2792        0.9098        2.2398        3.1496       2.870412       0.03008
  13     703.9        0.2611        0.9211        2.1277        3.0488       2.787684       0.02937
  12     727.7        0.2437        0.9310        2.0181        2.9491       2.705400       0.02921
  11     751.5        0.2271        0.9394        1.9099        2.8493       2.622203       0.02953
  10     775.2        0.2114        0.9462        1.8046        2.7507       2.539301       0.02943
   9     799.0        0.1967        0.9513        1.7021        2.6534       2.456692       0.02932
   8     822.8        0.1827        0.9552        1.6031        2.5583       2.375567       0.02880
   7     846.6        0.1695        0.9584        1.5121        2.4705       2.300971       0.02648
   6     870.4        0.1571        0.9610        1.4287        2.3896       2.232493       0.02431
   5     894.1        0.1455        0.9630        1.3516        2.3146       2.169135       0.02249
   4     917.9        0.1345        0.9645        1.2793        2.2438       2.109353       0.02122
   3     941.7        0.1240        0.9655        1.2113        2.1767       2.052691       0.02011
   2     965.5        0.1143        0.9658        1.1478        2.1136       1.999344       0.01894
   1     989.2        0.1051        0.9657        1.0886        2.0543       1.949210       0.01779
   0    1013.0        0.0965        0.9651        1.0337        1.9987       1.902156       0.01671



 Wavenumbers: 12850. - 16000. cm-1, ATM      1
 LEVEL PRESSURE   UPWARD FLUX   DIFDOWN FLUX  DIRDOWN FLUX  DOWNWARD FLUX   NET FLUX    HEATING RATE
          mb          W/m2          W/m2          W/m2        W/m2          W/m2       degree/day
  60   .000300        1.0395        0.0000        3.7707        3.7707       2.731197       0.00000
  59    0.1000        1.0391        0.0004        3.7668        3.7672       2.728103       0.26193
  58    0.1403        1.0389        0.0006        3.7658        3.7664       2.727519       0.12220
  57    0.1968        1.0387        0.0008        3.7646        3.7654       2.726730       0.11793
  56    0.2760        1.0384        0.0012        3.7627        3.7639       2.725552       0.12548
  55    0.3871        1.0379        0.0016        3.7600        3.7616       2.723738       0.13778
  54    0.5430        1.0373        0.0023        3.7559        3.7582       2.720934       0.15180
  53    0.7617        1.0364        0.0032        3.7496        3.7528       2.716431       0.17377
  52     1.069        1.0351        0.0045        3.7397        3.7442       2.709079       0.20222
  51     1.499        1.0334        0.0063        3.7242        3.7305       2.697036       0.23619
  50     2.102        1.0311        0.0088        3.6990        3.7078       2.676622       0.28542
  49     2.949        1.0280        0.0122        3.6565        3.6687       2.640751       0.35757
  48     4.137        1.0237        0.0170        3.5884        3.6055       2.581794       0.41895
  47     5.803        1.0179        0.0235        3.4901        3.5136       2.495729       0.43599
  46     8.139        1.0101        0.0323        3.3622        3.3945       2.384491       0.40174
  45     11.42        0.9995        0.0440        3.2089        3.2529       2.253399       0.33751
  44     16.01        0.9855        0.0595        3.0312        3.0907       2.105168       0.27208
  43     22.46        0.9670        0.0797        2.8302        2.9099       1.942808       0.21245
  42     31.51        0.9429        0.1056        2.6174        2.7231       1.780182       0.15171
  41     44.20        0.9113        0.1390        2.4087        2.5477       1.636400       0.09562
  40     62.00        0.8707        0.1813        2.2042        2.3855       1.514797       0.05765
  39     85.78        0.8207        0.2328        2.0200        2.2528       1.432056       0.02937
  38     109.5        0.7730        0.2817        1.8590        2.1407       1.367620       0.02287
  37     133.1        0.7305        0.3250        1.7264        2.0515       1.320943       0.01676
  36     156.8        0.6919        0.3643        1.6117        1.9760       1.284096       0.01307
  35     180.6        0.6535        0.4031        1.5048        1.9079       1.254457       0.01052
  34     202.8        0.6187        0.4381        1.4147        1.8528       1.234085       0.00773
  33     228.4        0.5853        0.4717        1.3314        1.8030       1.217736       0.00539
  32     252.2        0.5536        0.5033        1.2546        1.7579       1.204286       0.00477
  31     276.0        0.5240        0.5327        1.1849        1.7176       1.193585       0.00380
  30     299.8        0.4958        0.5607        1.1197        1.6805       1.184700       0.00315
  29     323.5        0.4689        0.5872        1.0585        1.6457       1.176842       0.00279
  28     347.3        0.4436        0.6121        1.0012        1.6133       1.169765       0.00251
  27     371.1        0.4198        0.6353        0.9478        1.5832       1.163355       0.00228
  26     394.9        0.3968        0.6577        0.8964        1.5540       1.157210       0.00218
  25     418.6        0.3750        0.6787        0.8475        1.5263       1.151251       0.00212
  24     442.4        0.3542        0.6987        0.8009        1.4996       1.145330       0.00210
  23     466.2        0.3344        0.7176        0.7562        1.4738       1.139418       0.00210
  22     489.9        0.3156        0.7353        0.7138        1.4492       1.133538       0.00209
  21     513.7        0.2977        0.7522        0.6730        1.4252       1.127498       0.00214
  20     537.5        0.2806        0.7680        0.6339        1.4019       1.121331       0.00219
  19     561.3        0.2645        0.7828        0.5967        1.3795       1.115031       0.00224
  18     585.0        0.2488        0.7969        0.5604        1.3574       1.108553       0.00230
  17     608.8        0.2342        0.8100        0.5265        1.3365       1.102240       0.00224
  16     632.6        0.2205        0.8220        0.4947        1.3166       1.096086       0.00218
  15     656.4        0.2075        0.8332        0.4643        1.2974       1.089922       0.00219
  14     680.1        0.1953        0.8434        0.4357        1.2791       1.083780       0.00218
  13     703.9        0.1839        0.8527        0.4088        1.2616       1.077645       0.00218
  12     727.7        0.1731        0.8613        0.3832        1.2445       1.071377       0.00222
  11     751.5        0.1629        0.8690        0.3588        1.2278       1.064943       0.00228
  10     775.2        0.1532        0.8760        0.3357        1.2116       1.058377       0.00233
   9     799.0        0.1443        0.8821        0.3139        1.1959       1.051660       0.00238
   8     822.8        0.1358        0.8874        0.2931        1.1806       1.044801       0.00243
   7     846.6        0.1278        0.8922        0.2738        1.1660       1.038202       0.00234
   6     870.4        0.1203        0.8963        0.2559        1.1522       1.031881       0.00224
   5     894.1        0.1134        0.8999        0.2392        1.1392       1.025805       0.00216
   4     917.9        0.1068        0.9030        0.2237        1.1267       1.019864       0.00211
   3     941.7        0.1007        0.9056        0.2091        1.1147       1.014038       0.00207
   2     965.5        0.0949        0.9077        0.1955        1.1033       1.008362       0.00202
   1     989.2        0.0895        0.9094        0.1830        1.0924       1.002832       0.00196
   0    1013.0        0.0845        0.9107        0.1713        1.0820       0.997445       0.00191



 Wavenumbers: 16000. - 22650. cm-1, ATM      1
 LEVEL PRESSURE   UPWARD FLUX   DIFDOWN FLUX  DIRDOWN FLUX  DOWNWARD FLUX   NET FLUX    HEATING RATE
          mb          W/m2          W/m2          W/m2        W/m2          W/m2       degree/day
  60   .000300        1.8349        0.0000        6.0120        6.0120       4.177061       0.00000
  59    0.1000        1.8327        0.0022        6.0068        6.0091       4.176355       0.05976
  58    0.1403        1.8318        0.0031        6.0045        6.0076       4.175790       0.11838
  57    0.1968        1.8306        0.0044        6.0009        6.0053       4.174768       0.15265
  56    0.2760        1.8288        0.0062        5.9956        6.0018       4.172972       0.19135
  55    0.3871        1.8264        0.0087        5.9877        5.9964       4.169948       0.22972
  54    0.5430        1.8230        0.0122        5.9758        5.9879       4.164886       0.27401
  53    0.7617        1.8183        0.0170        5.9573        5.9743       4.155979       0.34371
  52     1.069        1.8117        0.0238        5.9279        5.9518       4.140039       0.43844
  51     1.499        1.8026        0.0333        5.8811        5.9144       4.111721       0.55538
  50     2.102        1.7902        0.0463        5.8047        5.8510       4.060722       0.71304
  49     2.949        1.7731        0.0644        5.6766        5.7410       3.967923       0.92505
  48     4.137        1.7498        0.0891        5.4745        5.5637       3.813919       1.09436
  47     5.803        1.7186        0.1224        5.1886        5.3110       3.592474       1.12180
  46     8.139        1.6772        0.1665        4.8258        4.9924       3.315158       1.00155
  45     11.42        1.6230        0.2241        4.4022        4.6263       3.003311       0.80289
  44     16.01        1.5533        0.2975        3.9281        4.2256       2.672285       0.60760
  43     22.46        1.4655        0.3896        3.4131        3.8027       2.337261       0.43839
  42     31.51        1.3573        0.5021        2.8874        3.3895       2.032163       0.28461
  41     44.20        1.2274        0.6358        2.3825        3.0183       1.790942       0.16042
  40     62.00        1.0776        0.7883        1.8997        2.6880       1.610479       0.08556
  39     85.78        0.9181        0.9486        1.4739        2.4225       1.504375       0.03766
  38     109.5        0.7908        1.0748        1.1674        2.2421       1.451313       0.01883
  37     133.1        0.6932        1.1699        0.9411        2.1110       1.417802       0.01203
  36     156.8        0.6165        1.2433        0.7676        2.0109       1.394464       0.00828
  35     180.6        0.5501        1.3053        0.6227        1.9280       1.377915       0.00588
  34     202.8        0.4979        1.3528        0.5131        1.8659       1.367988       0.00377
  33     228.4        0.4540        1.3915        0.4233        1.8148       1.360887       0.00234
  32     252.2        0.4174        1.4224        0.3506        1.7730       1.355603       0.00188
  31     276.0        0.3872        1.4467        0.2923        1.7390       1.351801       0.00135
  30     299.8        0.3616        1.4662        0.2443        1.7105       1.348957       0.00101
  29     323.5        0.3397        1.4817        0.2047        1.6864       1.346657       0.00082
  28     347.3        0.3212        1.4938        0.1722        1.6660       1.344787       0.00066
  27     371.1        0.3054        1.5030        0.1457        1.6487       1.343266       0.00054
  26     394.9        0.2915        1.5103        0.1232        1.6335       1.341975       0.00046
  25     418.6        0.2793        1.5157        0.1045        1.6202       1.340870       0.00039
  24     442.4        0.2685        1.5196        0.0888        1.6084       1.339913       0.00034
  23     466.2        0.2588        1.5223        0.0756        1.5979       1.339080       0.00030
  22     489.9        0.2502        1.5240        0.0646        1.5886       1.338356       0.00026
  21     513.7        0.2424        1.5249        0.0552        1.5801       1.337707       0.00023
  20     537.5        0.2353        1.5250        0.0474        1.5724       1.337121       0.00021
  19     561.3        0.2287        1.5245        0.0408        1.5653       1.336585       0.00019
  18     585.0        0.2225        1.5236        0.0350        1.5586       1.336080       0.00018
  17     608.8        0.2168        1.5222        0.0302        1.5524       1.335613       0.00017
  16     632.6        0.2114        1.5205        0.0261        1.5466       1.335174       0.00016
  15     656.4        0.2063        1.5185        0.0225        1.5410       1.334747       0.00015
  14     680.1        0.2014        1.5162        0.0195        1.5357       1.334329       0.00015
  13     703.9        0.1968        1.5138        0.0169        1.5307       1.333913       0.00015
  12     727.7        0.1923        1.5111        0.0147        1.5257       1.333483       0.00015
  11     751.5        0.1878        1.5082        0.0127        1.5209       1.333028       0.00016
  10     775.2        0.1836        1.5051        0.0110        1.5161       1.332548       0.00017
   9     799.0        0.1795        1.5019        0.0096        1.5115       1.332035       0.00018
   8     822.8        0.1754        1.4986        0.0083        1.5069       1.331486       0.00019
   7     846.6        0.1714        1.4951        0.0072        1.5023       1.330929       0.00020
   6     870.4        0.1674        1.4916        0.0063        1.4978       1.330370       0.00020
   5     894.1        0.1636        1.4880        0.0054        1.4934       1.329808       0.00020
   4     917.9        0.1598        1.4843        0.0047        1.4890       1.329234       0.00020
   3     941.7        0.1560        1.4806        0.0041        1.4847       1.328649       0.00021
   2     965.5        0.1523        1.4768        0.0036        1.4804       1.328056       0.00021
   1     989.2        0.1486        1.4730        0.0031        1.4761       1.327457       0.00021
   0    1013.0        0.1450        1.4691        0.0027        1.4719       1.326851       0.00022



 Wavenumbers: 22650. - 29000. cm-1, ATM      1
 LEVEL PRESSURE   UPWARD FLUX   DIFDOWN FLUX  DIRDOWN FLUX  DOWNWARD FLUX   NET FLUX    HEATING RATE
          mb          W/m2          W/m2          W/m2        W/m2          W/m2       degree/day
  60   .000300        1.4339        0.0000        2.2687        2.2687       0.834803       0.00000
  59    0.1000        1.4314        0.0026        2.2637        2.2662       0.834803       0.00000
  58    0.1403        1.4304        0.0036        2.2616        2.2652       0.834803       0.00000
  57    0.1968        1.4290        0.0050        2.2588        2.2638       0.834803      -0.00000
  56    0.2760        1.4271        0.0070        2.2548        2.2619       0.834803      -0.00000
  55    0.3871        1.4243        0.0099        2.2493        2.2591       0.834803       0.00000
  54    0.5430        1.4205        0.0138        2.2415        2.2553       0.834803       0.00000
  53    0.7617        1.4152        0.0193        2.2307        2.2500       0.834803      -0.00000
  52     1.069        1.4077        0.0271        2.2155        2.2425       0.834803       0.00000
  51     1.499        1.3974        0.0377        2.1945        2.2322       0.834803       0.00000
  50     2.102        1.3833        0.0523        2.1659        2.2181       0.834803      -0.00000
  49     2.949        1.3636        0.0726        2.1259        2.1984       0.834803       0.00000
  48     4.137        1.3367        0.1004        2.0711        2.1715       0.834803      -0.00000
  47     5.803        1.3002        0.1380        1.9970        2.1350       0.834803       0.00000
  46     8.139        1.2515        0.1882        1.8981        2.0863       0.834803       0.00000
  45     11.42        1.1875        0.2541        1.7682        2.0223       0.834803       0.00000
  44     16.01        1.1057        0.3381        1.6024        1.9405       0.834803       0.00000
  43     22.46        1.0044        0.4416        1.3976        1.8392       0.834803      -0.00000
  42     31.51        0.8850        0.5631        1.1568        1.7198       0.834803       0.00000
  41     44.20        0.7527        0.6964        0.8911        1.5875       0.834803      -0.00000
  40     62.00        0.6187        0.8289        0.6246        1.4535       0.834803       0.00000
  39     85.78        0.5009        0.9416        0.3942        1.3358       0.834803       0.00000
  38     109.5        0.4253        1.0096        0.2504        1.2601       0.834803       0.00000
  37     133.1        0.3775        1.0487        0.1637        1.2123       0.834803       0.00000
  36     156.8        0.3457        1.0713        0.1092        1.1805       0.834803      -0.00000
  35     180.6        0.3217        1.0849        0.0715        1.1565       0.834803      -0.00000
  34     202.8        0.3047        1.0915        0.0480        1.1395       0.834803       0.00000
  33     228.4        0.2914        1.0941        0.0321        1.1262       0.834803       0.00000
  32     252.2        0.2806        1.0939        0.0215        1.1154       0.834803       0.00000
  31     276.0        0.2717        1.0919        0.0146        1.1065       0.834803      -0.00000
  30     299.8        0.2638        1.0887        0.0099        1.0986       0.834803       0.00000
  29     323.5        0.2567        1.0848        0.0067        1.0915       0.834803       0.00000
  28     347.3        0.2500        1.0803        0.0046        1.0848       0.834803       0.00000
  27     371.1        0.2438        1.0755        0.0031        1.0786       0.834803       0.00000
  26     394.9        0.2378        1.0704        0.0022        1.0726       0.834803       0.00000
  25     418.6        0.2318        1.0652        0.0015        1.0666       0.834803       0.00000
  24     442.4        0.2260        1.0598        0.0010        1.0608       0.834803      -0.00000
  23     466.2        0.2202        1.0543        0.0007        1.0550       0.834803       0.00000
  22     489.9        0.2146        1.0489        0.0005        1.0494       0.834803       0.00000
  21     513.7        0.2089        1.0434        0.0003        1.0437       0.834803      -0.00000
  20     537.5        0.2033        1.0378        0.0002        1.0381       0.834803       0.00000
  19     561.3        0.1977        1.0324        0.0002        1.0325       0.834803      -0.00000
  18     585.0        0.1921        1.0268        0.0001        1.0269       0.834803       0.00000
  17     608.8        0.1865        1.0212        0.0001        1.0213       0.834803      -0.00000
  16     632.6        0.1809        1.0157        0.0001        1.0157       0.834803       0.00000
  15     656.4        0.1753        1.0101        0.0000        1.0101       0.834803       0.00000
  14     680.1        0.1698        1.0045        0.0000        1.0046       0.834803      -0.00000
  13     703.9        0.1642        0.9990        0.0000        0.9990       0.834803       0.00000
  12     727.7        0.1587        0.9935        0.0000        0.9935       0.834803      -0.00000
  11     751.5        0.1530        0.9878        0.0000        0.9878       0.834803       0.00000
  10     775.2        0.1474        0.9822        0.0000        0.9822       0.834803       0.00000
   9     799.0        0.1419        0.9767        0.0000        0.9767       0.834803       0.00000
   8     822.8        0.1362        0.9710        0.0000        0.9710       0.834803       0.00000
   7     846.6        0.1306        0.9654        0.0000        0.9654       0.834803      -0.00000
   6     870.4        0.1250        0.9598        0.0000        0.9598       0.834803       0.00000
   5     894.1        0.1194        0.9542        0.0000        0.9542       0.834803       0.00000
   4     917.9        0.1137        0.9485        0.0000        0.9485       0.834803       0.00000
   3     941.7        0.1081        0.9429        0.0000        0.9429       0.834803      -0.00000
   2     965.5        0.1025        0.9373        0.0000        0.9373       0.834803       0.00000
   1     989.2        0.0969        0.9317        0.0000        0.9317       0.834803       0.00000
   0    1013.0        0.0913        0.9261        0.0000        0.9261       0.834803       0.00000



 Wavenumbers: 29000. - 38000. cm-1, ATM      1
 LEVEL PRESSURE   UPWARD FLUX   DIFDOWN FLUX  DIRDOWN FLUX  DOWNWARD FLUX   NET FLUX    HEATING RATE
          mb          W/m2          W/m2          W/m2        W/m2          W/m2       degree/day
  60   .000300        0.1738        0.0000        0.8000        0.8000       0.626199       0.00000
  59    0.1000        0.1715        0.0023        0.7675        0.7698       0.598231       2.36738
  58    0.1403        0.1707        0.0032        0.7479        0.7511       0.580460       3.72140
  57    0.1968        0.1695        0.0044        0.7207        0.7250       0.555539       3.72237
  56    0.2760        0.1680        0.0059        0.6876        0.6935       0.525538       3.19667
  55    0.3871        0.1660        0.0079        0.6520        0.6599       0.493910       2.40248
  54    0.5430        0.1634        0.0104        0.6140        0.6244       0.461007       1.78108
  53    0.7617        0.1602        0.0137        0.5712        0.5848       0.424680       1.40180
  52     1.069        0.1560        0.0177        0.5233        0.5410       0.385010       1.09119
  51     1.499        0.1509        0.0226        0.4713        0.4939       0.343058       0.82277
  50     2.102        0.1447        0.0285        0.4152        0.4437       0.298965       0.61648
  49     2.949        0.1374        0.0353        0.3544        0.3898       0.252409       0.46409
  48     4.137        0.1289        0.0432        0.2946        0.3378       0.208865       0.30942
  47     5.803        0.1194        0.0519        0.2393        0.2912       0.171769       0.18792
  46     8.139        0.1089        0.0616        0.1886        0.2501       0.141244       0.11025
  45     11.42        0.0976        0.0720        0.1438        0.2157       0.118122       0.05953
  44     16.01        0.0859        0.0826        0.1049        0.1875       0.101560       0.03040
  43     22.46        0.0744        0.0929        0.0714        0.1643       0.089898       0.01526
  42     31.51        0.0639        0.1020        0.0439        0.1459       0.082082       0.00729
  41     44.20        0.0552        0.1091        0.0234        0.1325       0.077295       0.00318
  40     62.00        0.0490        0.1132        0.0102        0.1234       0.074412       0.00137
  39     85.78        0.0452        0.1146        0.0035        0.1181       0.072923       0.00053
  38     109.5        0.0432        0.1142        0.0012        0.1155       0.072227       0.00025
  37     133.1        0.0420        0.1133        0.0004        0.1138       0.071743       0.00017
  36     156.8        0.0411        0.1123        0.0002        0.1124       0.071355       0.00014
  35     180.6        0.0401        0.1111        0.0001        0.1111       0.071037       0.00011
  34     202.8        0.0392        0.1100        0.0000        0.1100       0.070816       0.00008
  33     228.4        0.0383        0.1089        0.0000        0.1089       0.070634       0.00006
  32     252.2        0.0374        0.1078        0.0000        0.1078       0.070479       0.00006
  31     276.0        0.0364        0.1068        0.0000        0.1068       0.070352       0.00005
  30     299.8        0.0355        0.1058        0.0000        0.1058       0.070244       0.00004
  29     323.5        0.0346        0.1047        0.0000        0.1047       0.070147       0.00003
  28     347.3        0.0337        0.1037        0.0000        0.1037       0.070059       0.00003
  27     371.1        0.0327        0.1027        0.0000        0.1027       0.069981       0.00003
  26     394.9        0.0318        0.1017        0.0000        0.1017       0.069908       0.00003
  25     418.6        0.0309        0.1007        0.0000        0.1007       0.069841       0.00002
  24     442.4        0.0299        0.0997        0.0000        0.0997       0.069779       0.00002
  23     466.2        0.0290        0.0987        0.0000        0.0987       0.069721       0.00002
  22     489.9        0.0281        0.0977        0.0000        0.0977       0.069669       0.00002
  21     513.7        0.0271        0.0968        0.0000        0.0968       0.069619       0.00002
  20     537.5        0.0262        0.0958        0.0000        0.0958       0.069574       0.00002
  19     561.3        0.0253        0.0948        0.0000        0.0948       0.069531       0.00002
  18     585.0        0.0244        0.0938        0.0000        0.0938       0.069489       0.00001
  17     608.8        0.0234        0.0929        0.0000        0.0929       0.069450       0.00001
  16     632.6        0.0225        0.0919        0.0000        0.0919       0.069414       0.00001
  15     656.4        0.0216        0.0909        0.0000        0.0909       0.069378       0.00001
  14     680.1        0.0206        0.0900        0.0000        0.0900       0.069345       0.00001
  13     703.9        0.0197        0.0890        0.0000        0.0890       0.069313       0.00001
  12     727.7        0.0188        0.0881        0.0000        0.0881       0.069283       0.00001
  11     751.5        0.0178        0.0871        0.0000        0.0871       0.069254       0.00001
  10     775.2        0.0169        0.0861        0.0000        0.0861       0.069226       0.00001
   9     799.0        0.0160        0.0852        0.0000        0.0852       0.069200       0.00001
   8     822.8        0.0150        0.0842        0.0000        0.0842       0.069175       0.00001
   7     846.6        0.0141        0.0832        0.0000        0.0832       0.069150       0.00001
   6     870.4        0.0132        0.0823        0.0000        0.0823       0.069127       0.00001
   5     894.1        0.0122        0.0813        0.0000        0.0813       0.069105       0.00001
   4     917.9        0.0113        0.0804        0.0000        0.0804       0.069083       0.00001
   3     941.7        0.0103        0.0794        0.0000        0.0794       0.069062       0.00001
   2     965.5        0.0094        0.0785        0.0000        0.0785       0.069043       0.00001
   1     989.2        0.0085        0.0775        0.0000        0.0775       0.069024       0.00001
   0    1013.0        0.0075        0.0766        0.0000        0.0766       0.069005       0.00001



 Wavenumbers: 38000. - 50000. cm-1, ATM      1
 LEVEL PRESSURE   UPWARD FLUX   DIFDOWN FLUX  DIRDOWN FLUX  DOWNWARD FLUX   NET FLUX    HEATING RATE
          mb          W/m2          W/m2          W/m2        W/m2          W/m2       degree/day
  60   .000300        0.0011        0.0000        0.0493        0.0493       0.048289       0.00000
  59    0.1000        0.0006        0.0005        0.0325        0.0330       0.032462       1.33969
  58    0.1403        0.0004        0.0006        0.0245        0.0251       0.024726       1.62003
  57    0.1968        0.0003        0.0008        0.0157        0.0164       0.016137       1.28296
  56    0.2760        0.0002        0.0009        0.0084        0.0093       0.009079       0.75199
  55    0.3871        0.0001        0.0009        0.0040        0.0049       0.004813       0.32404
  54    0.5430        0.0000        0.0009        0.0017        0.0026       0.002539       0.12312
  53    0.7617        0.0000        0.0008        0.0006        0.0014       0.001374       0.04496
  52     1.069        0.0000        0.0007        0.0002        0.0008       0.000826       0.01506
  51     1.499        0.0000        0.0005        0.0000        0.0005       0.000538       0.00565
  50     2.102        0.0000        0.0004        0.0000        0.0004       0.000353       0.00258
  49     2.949        0.0000        0.0002        0.0000        0.0002       0.000219       0.00134
  48     4.137        0.0000        0.0001        0.0000        0.0001       0.000126       0.00066
  47     5.803        0.0000        0.0001        0.0000        0.0001       0.000069       0.00029
  46     8.139        0.0000        0.0000        0.0000        0.0000       0.000036       0.00012
  45     11.42        0.0000        0.0000        0.0000        0.0000       0.000017       0.00005
  44     16.01        0.0000        0.0000        0.0000        0.0000       0.000007       0.00002
  43     22.46        0.0000        0.0000        0.0000        0.0000       0.000002       0.00001
  42     31.51        0.0000        0.0000        0.0000        0.0000       0.000001       0.00000
  41     44.20        0.0000        0.0000        0.0000        0.0000       0.000000       0.00000
  40     62.00        0.0000        0.0000        0.0000        0.0000       0.000000       0.00000
  39     85.78        0.0000        0.0000        0.0000        0.0000       0.000000       0.00000
  38     109.5        0.0000        0.0000        0.0000        0.0000       0.000000       0.00000
  37     133.1        0.0000        0.0000        0.0000        0.0000       0.000000       0.00000
  36     156.8        0.0000        0.0000        0.0000        0.0000       0.000000       0.00000
  35     180.6        0.0000        0.0000        0.0000        0.0000       0.000000       0.00000
  34     202.8        0.0000        0.0000        0.0000        0.0000       0.000000       0.00000
  33     228.4        0.0000        0.0000        0.0000        0.0000       0.000000       0.00000
  32     252.2        0.0000        0.0000        0.0000        0.0000       0.000000       0.00000
  31     276.0        0.0000        0.0000        0.0000        0.0000       0.000000       0.00000
  30     299.8        0.0000        0.0000        0.0000        0.0000       0.000000       0.00000
  29     323.5        0.0000        0.0000        0.0000        0.0000       0.000000       0.00000
  28     347.3        0.0000        0.0000        0.0000        0.0000       0.000000       0.00000
  27     371.1        0.0000        0.0000        0.0000        0.0000       0.000000       0.00000
  26     394.9        0.0000        0.0000        0.0000        0.0000       0.000000       0.00000
  25     418.6        0.0000        0.0000        0.0000        0.0000       0.000000       0.00000
  24     442.4        0.0000        0.0000        0.0000        0.0000       0.000000       0.00000
  23     466.2        0.0000        0.0000        0.0000        0.0000       0.000000       0.00000
  22     489.9        0.0000        0.0000        0.0000        0.0000       0.000000       0.00000
  21     513.7        0.0000        0.0000        0.0000        0.0000       0.000000       0.00000
  20     537.5        0.0000        0.0000        0.0000        0.0000       0.000000       0.00000
  19     561.3        0.0000        0.0000        0.0000        0.0000       0.000000       0.00000
  18     585.0        0.0000        0.0000        0.0000        0.0000       0.000000       0.00000
  17     608.8        0.0000        0.0000        0.0000        0.0000       0.000000       0.00000
  16     632.6        0.0000        0.0000        0.0000        0.0000       0.000000       0.00000
  15     656.4        0.0000        0.0000        0.0000        0.0000       0.000000       0.00000
  14     680.1        0.0000        0.0000        0.0000        0.0000       0.000000       0.00000
  13     703.9        0.0000        0.0000        0.0000        0.0000       0.000000       0.00000
  12     727.7        0.0000        0.0000        0.0000        0.0000       0.000000       0.00000
  11     751.5        0.0000        0.0000        0.0000        0.0000       0.000000       0.00000
  10     775.2        0.0000        0.0000        0.0000        0.0000       0.000000       0.00000
   9     799.0        0.0000        0.0000        0.0000        0.0000       0.000000       0.00000
   8     822.8        0.0000        0.0000        0.0000        0.0000       0.000000       0.00000
   7     846.6        0.0000        0.0000        0.0000        0.0000       0.000000       0.00000
   6     870.4        0.0000        0.0000        0.0000        0.0000       0.000000       0.00000
   5     894.1        0.0000        0.0000        0.0000        0.0000       0.000000       0.00000
   4     917.9        0.0000        0.0000        0.0000        0.0000       0.000000       0.00000
   3     941.7        0.0000        0.0000        0.0000        0.0000       0.000000       0.00000
   2     965.5        0.0000        0.0000        0.0000        0.0000       0.000000       0.00000
   1     989.2        0.0000        0.0000        0.0000        0.0000       0.000000       0.00000
   0    1013.0        0.0000        0.0000        0.0000        0.0000       0.000000       0.00000



 Wavenumbers:   820. -  2600. cm-1, ATM      1
 LEVEL PRESSURE   UPWARD FLUX   DIFDOWN FLUX  DIRDOWN FLUX  DOWNWARD FLUX   NET FLUX    HEATING RATE
          mb          W/m2          W/m2          W/m2        W/m2          W/m2       degree/day
  60   .000300        0.0000        0.0000        0.2308        0.2308       0.230796       0.00000
  59    0.1000        0.0000        0.0000        0.2289        0.2289       0.228905       0.16003
  58    0.1403        0.0000        0.0000        0.2284        0.2284       0.228318       0.12290
  57    0.1968        0.0000        0.0000        0.2276        0.2276       0.227516       0.11976
  56    0.2760        0.0000        0.0000        0.2265        0.2265       0.226440       0.11472
  55    0.3871        0.0000        0.0000        0.2250        0.2250       0.225000       0.10936
  54    0.5430        0.0000        0.0000        0.2232        0.2232       0.223185       0.09824
  53    0.7617        0.0000        0.0000        0.2210        0.2210       0.220991       0.08467
  52     1.069        0.0000        0.0000        0.2184        0.2184       0.218391       0.07153
  51     1.499        0.0000        0.0000        0.2155        0.2155       0.215490       0.05689
  50     2.102        0.0000        0.0000        0.2125        0.2125       0.212474       0.04217
  49     2.949        0.0000        0.0000        0.2094        0.2094       0.209343       0.03121
  48     4.137        0.0000        0.0000        0.2059        0.2059       0.205818       0.02505
  47     5.803        0.0000        0.0000        0.2014        0.2014       0.201410       0.02233
  46     8.139        0.0000        0.0000        0.1960        0.1960       0.195951       0.01972
  45     11.42        0.0000        0.0000        0.1897        0.1897       0.189670       0.01617
  44     16.01        0.0000        0.0000        0.1831        0.1831       0.183098       0.01206
  43     22.46        0.0000        0.0000        0.1769        0.1769       0.176846       0.00818
  42     31.51        0.0000        0.0000        0.1712        0.1712       0.171177       0.00529
  41     44.20        0.0000        0.0000        0.1656        0.1656       0.165528       0.00376
  40     62.00        0.0000        0.0000        0.1589        0.1589       0.158840       0.00317
  39     85.78        0.0000        0.0000        0.1507        0.1507       0.150659       0.00290
  38     109.5        0.0000        0.0000        0.1431        0.1431       0.143067       0.00269
  37     133.1        0.0000        0.0000        0.1363        0.1363       0.136238       0.00245
  36     156.8        0.0000        0.0000        0.1304        0.1304       0.130377       0.00208
  35     180.6        0.0000        0.0000        0.1244        0.1244       0.124408       0.00212
  34     202.8        0.0000        0.0000        0.1179        0.1179       0.117869       0.00248
  33     228.4        0.0000        0.0000        0.1110        0.1110       0.110988       0.00227
  32     252.2        0.0000        0.0000        0.1040        0.1040       0.104012       0.00248
  31     276.0        0.0000        0.0000        0.0982        0.0982       0.098168       0.00207
  30     299.8        0.0000        0.0000        0.0924        0.0924       0.092418       0.00204
  29     323.5        0.0000        0.0000        0.0868        0.0868       0.086812       0.00199
  28     347.3        0.0000        0.0000        0.0813        0.0814       0.081342       0.00194
  27     371.1        0.0000        0.0000        0.0764        0.0764       0.076401       0.00175
  26     394.9        0.0000        0.0000        0.0719        0.0719       0.071911       0.00159
  25     418.6        0.0000        0.0000        0.0678        0.0678       0.067821       0.00145
  24     442.4        0.0000        0.0000        0.0640        0.0640       0.063992       0.00136
  23     466.2        0.0000        0.0000        0.0604        0.0605       0.060451       0.00126
  22     489.9        0.0000        0.0000        0.0569        0.0569       0.056899       0.00126
  21     513.7        0.0000        0.0000        0.0531        0.0532       0.053163       0.00133
  20     537.5        0.0000        0.0000        0.0493        0.0493       0.049306       0.00137
  19     561.3        0.0000        0.0000        0.0452        0.0452       0.045241       0.00144
  18     585.0        0.0000        0.0000        0.0410        0.0410       0.041008       0.00150
  17     608.8        0.0000        0.0000        0.0367        0.0367       0.036692       0.00153
  16     632.6        0.0000        0.0000        0.0322        0.0323       0.032250       0.00158
  15     656.4        0.0000        0.0000        0.0276        0.0276       0.027631       0.00164
  14     680.1        0.0000        0.0000        0.0230        0.0230       0.023000       0.00164
  13     703.9        0.0000        0.0000        0.0185        0.0185       0.018531       0.00159
  12     727.7        0.0000        0.0000        0.0142        0.0142       0.014200       0.00154
  11     751.5        0.0000        0.0000        0.0101        0.0101       0.010109       0.00145
  10     775.2        0.0000        0.0000        0.0066        0.0066       0.006598       0.00125
   9     799.0        0.0000        0.0000        0.0039        0.0039       0.003890       0.00096
   8     822.8        0.0000        0.0000        0.0021        0.0021       0.002075       0.00064
   7     846.6        0.0000        0.0000        0.0010        0.0011       0.001049       0.00036
   6     870.4        0.0000        0.0000        0.0005        0.0005       0.000510       0.00019
   5     894.1        0.0000        0.0000        0.0002        0.0002       0.000243       0.00009
   4     917.9        0.0000        0.0000        0.0001        0.0001       0.000115       0.00005
   3     941.7        0.0000        0.0000        0.0000        0.0001       0.000057       0.00002
   2     965.5        0.0000        0.0000        0.0000        0.0000       0.000032       0.00001
   1     989.2        0.0000        0.0000        0.0000        0.0000       0.000022       0.00000
   0    1013.0        0.0000        0.0000        0.0000        0.0000       0.000017       0.00000

  Modules and versions used in this calculation:

       rrtmg_sw.1col.f90:  $Revision$                    rrtmg_sw_init.f90:  $Revision$        
     rrtmgsw_cldprop.f90:  $Revision$                  rrtmgsw_cldprmc.f90:  NOT USED          
     rrtmg_sw_reftra.f90:  $Revision$                  rrtmg_sw_spcvrt.f90:  NOT USED          
     rrtmg_sw_spcvmc.f90:  NOT USED                    rrtmgsw_setcoef.f90:  NOT USED          
     rrtmg_sw_taumol.f90:  $Revision$                  rrtmg_sw_vrtqdr.f90:  NOT USED          
                rrtatm.f:  NOT USED                             util_xxx.f:  NOT USED          
                 extra.f:  NOT USED                       rrtmg_sw_k_g.f90:  $Revision$        

