

 Wavenumbers:   820. - 50000. cm-1, ATM      1
 LEVEL PRESSURE   UPWARD FLUX   DIFDOWN FLUX  DIRDOWN FLUX  DOWNWARD FLUX   NET FLUX    HEATING RATE
          mb          W/m2          W/m2          W/m2        W/m2          W/m2       degree/day
  60   .000300       96.5970        0.0000     1340.1748     1340.1748    1243.577761       0.00000
  59    0.1000       96.5908        0.0100     1340.0575     1340.0676    1243.476778       8.54774
  58    0.1403       96.5884        0.0141     1339.9985     1340.0126    1243.424139      11.02292
  57    0.1968       96.5852        0.0197     1339.9007     1339.9204    1243.335205      13.28372
  56    0.2760       96.5810        0.0276     1339.7411     1339.7687    1243.187664      15.72123
  55    0.3871       96.5754        0.0386     1339.4880     1339.5265    1242.951176      17.96362
  54    0.5430       96.5680        0.0537     1339.0909     1339.1447    1242.576686      20.27178
  53    0.7617       96.5587        0.0745     1338.4484     1338.5229    1241.964156      23.63616
  52     1.069       96.5476        0.1029     1337.4247     1337.5276    1240.980004      27.07107
  51     1.499       96.5354        0.1410     1335.8974     1336.0383    1239.502894      28.96944
  50     2.102       96.5250        0.1919     1333.8002     1333.9921    1237.467018      28.46430
  49     2.949       96.5216        0.2626     1331.2306     1331.4933    1234.971653      24.87450
  48     4.137       96.5319        0.3609     1328.5382     1328.8990    1232.367177      18.50754
  47     5.803       96.5575        0.4972     1325.8597     1326.3569    1229.799354      13.00812
  46     8.139       96.5923        0.6869     1323.1660     1323.8529    1227.260579       9.16895
  45     11.42       96.6231        0.9510     1320.3964     1321.3474    1224.724282       6.53004
  44     16.01       96.6378        1.3176     1317.4062     1318.7238    1222.086047       4.84252
  43     22.46       96.6205        1.8275     1314.0547     1315.8822    1219.261740       3.69571
  42     31.51       96.5253        2.5370     1310.3227     1312.8596    1216.334297       2.73090
  41     44.20       96.2662        3.5271     1306.2146     1309.7417    1213.475438       1.90125
  40     62.00       95.7653        4.8954     1301.5200     1306.4154    1210.650079       1.33954
  39     85.78       94.9025        6.7052     1296.3406     1303.0458    1208.143304       0.88980
  38     109.5       93.9123        8.5213     1291.6263     1300.1476    1206.235327       0.67725
  37     133.1       92.9255       10.2408     1287.2811     1297.5219    1204.596366       0.58857
  36     156.8       91.9452       11.8870     1283.1695     1295.0565    1203.111300       0.52661
  35     180.6       90.8762       13.6103     1278.8612     1292.4715    1201.595310       0.53820
  34     202.8       89.8197       15.2458     1274.5549     1289.8007    1199.980947       0.61294
  33     228.4       88.7255       16.8883     1269.7487     1286.6369    1197.911449       0.68281
  32     252.2       87.6157       18.5087     1264.4147     1282.9235    1195.307765       0.92420
  31     276.0       86.5065       20.0851     1258.4873     1278.5723    1192.065845       1.15075
  30     299.8       85.3776       21.6484     1251.6681     1273.3165    1187.938905       1.46489
  29     323.5       84.2383       23.1891     1244.1038     1267.2929    1183.054616       1.73372
  28     347.3       83.1017       24.6907     1236.0949     1260.7856    1177.683886       1.90639
  27     371.1       81.9725       26.1488     1227.9642     1254.1130    1172.140569       1.96765
  26     394.9       80.8209       27.6026     1219.4372     1247.0398    1166.218915       2.10194
  25     418.6       79.6661       29.0281     1210.6343     1239.6624    1159.996264       2.20878
  24     442.4       78.5067       30.4278     1201.5128     1231.9406    1153.433836       2.32939
  23     466.2       77.3390       31.8068     1192.1939     1224.0006    1146.661627       2.40386
  22     489.9       76.1794       33.1465     1182.8555     1216.0020    1139.822589       2.42758
  21     513.7       75.0086       34.4703     1173.3357     1207.8059    1132.797344       2.49367
  20     537.5       73.8450       35.7583     1163.7847     1199.5429    1125.697943       2.51999
  19     561.3       72.6874       37.0132     1154.1971     1191.2103    1118.522897       2.54685
  18     585.0       71.5107       38.2625     1144.4838     1182.7463    1111.235536       2.58671
  17     608.8       70.3429       39.4768     1134.9161     1174.3930    1104.050121       2.55053
  16     632.6       69.1841       40.6574     1125.4729     1166.1303    1096.946180       2.52161
  15     656.4       68.0116       41.8283     1115.8662     1157.6946    1089.682968       2.57814
  14     680.1       66.8502       42.9661     1106.1964     1149.1625    1082.312370       2.61626
  13     703.9       65.7008       44.0716     1096.4847     1140.5563    1074.855452       2.64690
  12     727.7       64.5480       45.1614     1086.5746     1131.7360    1067.188000       2.72163
  11     751.5       63.3948       46.2346     1076.3677     1122.6024    1059.207632       2.83270
  10     775.2       62.2581       47.2780     1065.9907     1113.2687    1051.010630       2.90960
   9     799.0       61.1415       48.2917     1055.4549     1103.7467    1042.605157       2.98360
   8     822.8       60.0283       49.2926     1044.7885     1094.0811    1034.052781       3.03574
   7     846.6       58.9274       50.2710     1034.5295     1084.8005    1025.873075       2.90346
   6     870.4       57.8467       51.2221     1024.6686     1075.8908    1018.044093       2.77897
   5     894.1       56.7890       52.1467     1015.1324     1067.2791    1010.490150       2.68134
   4     917.9       55.7476       53.0549     1005.7677     1058.8226    1003.075003       2.63207
   3     941.7       54.7338       53.9433      996.5333     1050.4767     995.742868       2.60261
   2     965.5       53.7649       54.8057      987.4842     1042.2899     988.524972       2.56206
   1     989.2       52.8539       55.6426      978.6184     1034.2610     981.407067       2.52603
   0    1013.0       52.0215       56.4545      969.9227     1026.3772     974.355608       2.50350



 Wavenumbers:  2600. -  3250. cm-1, ATM      1
 LEVEL PRESSURE   UPWARD FLUX   DIFDOWN FLUX  DIRDOWN FLUX  DOWNWARD FLUX   NET FLUX    HEATING RATE
          mb          W/m2          W/m2          W/m2        W/m2          W/m2       degree/day
  60   .000300        0.1160        0.0000       11.8115       11.8115      11.695508       0.00000
  59    0.1000        0.1160        0.0000       11.8114       11.8114      11.695436       0.00613
  58    0.1403        0.1160        0.0000       11.8114       11.8114      11.695406       0.00614
  57    0.1968        0.1160        0.0000       11.8114       11.8114      11.695365       0.00617
  56    0.2760        0.1160        0.0000       11.8113       11.8113      11.695307       0.00614
  55    0.3871        0.1160        0.0000       11.8112       11.8112      11.695223       0.00643
  54    0.5430        0.1160        0.0000       11.8111       11.8111      11.695097       0.00680
  53    0.7617        0.1160        0.0000       11.8109       11.8109      11.694899       0.00764
  52     1.069        0.1160        0.0000       11.8106       11.8106      11.694567       0.00914
  51     1.499        0.1160        0.0000       11.8099       11.8100      11.693952       0.01206
  50     2.102        0.1160        0.0000       11.8088       11.8088      11.692844       0.01550
  49     2.949        0.1160        0.0000       11.8069       11.8069      11.690900       0.01938
  48     4.137        0.1160        0.0000       11.8037       11.8037      11.687727       0.02255
  47     5.803        0.1160        0.0000       11.7989       11.7989      11.682892       0.02449
  46     8.139        0.1160        0.0000       11.7920       11.7920      11.676003       0.02488
  45     11.42        0.1160        0.0000       11.7827       11.7827      11.666745       0.02384
  44     16.01        0.1160        0.0000       11.7712       11.7712      11.655207       0.02118
  43     22.46        0.1160        0.0000       11.7578       11.7578      11.641800       0.01754
  42     31.51        0.1160        0.0000       11.7424       11.7424      11.626407       0.01436
  41     44.20        0.1160        0.0000       11.7223       11.7223      11.606329       0.01335
  40     62.00        0.1160        0.0000       11.6923       11.6923      11.576351       0.01421
  39     85.78        0.1160        0.0000       11.6469       11.6469      11.530923       0.01613
  38     109.5        0.1160        0.0000       11.5947       11.5947      11.478716       0.01853
  37     133.1        0.1160        0.0000       11.5420       11.5421      11.426083       0.01890
  36     156.8        0.1160        0.0001       11.4902       11.4903      11.374264       0.01838
  35     180.6        0.1160        0.0001       11.4352       11.4352      11.319233       0.01954
  34     202.8        0.1160        0.0001       11.3818       11.3818      11.265838       0.02027
  33     228.4        0.1160        0.0001       11.3245       11.3246      11.208555       0.01890
  32     252.2        0.1161        0.0001       11.2626       11.2627      11.146672       0.02197
  31     276.0        0.1161        0.0001       11.1956       11.1957      11.079572       0.02382
  30     299.8        0.1162        0.0001       11.1204       11.1205      11.004332       0.02671
  29     323.5        0.1163        0.0001       11.0373       11.0374      10.921172       0.02952
  28     347.3        0.1164        0.0001       10.9469       10.9470      10.830633       0.03214
  27     371.1        0.1165        0.0001       10.8511       10.8512      10.734747       0.03404
  26     394.9        0.1167        0.0001       10.7457       10.7459      10.629222       0.03746
  25     418.6        0.1169        0.0001       10.6307       10.6308      10.513945       0.04092
  24     442.4        0.1171        0.0001       10.5026       10.5027      10.385643       0.04554
  23     466.2        0.1173        0.0001       10.3618       10.3620      10.244608       0.05006
  22     489.9        0.1177        0.0002       10.2082       10.2084      10.090731       0.05462
  21     513.7        0.1180        0.0002       10.0376       10.0378       9.919753       0.06069
  20     537.5        0.1185        0.0002        9.8516        9.8517       9.733286       0.06619
  19     561.3        0.1190        0.0002        9.6528        9.6529       9.533958       0.07075
  18     585.0        0.1195        0.0002        9.4432        9.4433       9.323810       0.07459
  17     608.8        0.1202        0.0002        9.2308        9.2310       9.110790       0.07561
  16     632.6        0.1209        0.0002        9.0172        9.0174       8.896440       0.07609
  15     656.4        0.1218        0.0002        8.7973        8.7974       8.675636       0.07838
  14     680.1        0.1228        0.0002        8.5744        8.5746       8.451816       0.07945
  13     703.9        0.1240        0.0002        8.3502        8.3503       8.226390       0.08002
  12     727.7        0.1253        0.0002        8.1207        8.1209       7.995582       0.08193
  11     751.5        0.1270        0.0002        7.8836        7.8838       7.756816       0.08475
  10     775.2        0.1290        0.0002        7.6409        7.6410       7.512042       0.08688
   9     799.0        0.1314        0.0002        7.3912        7.3913       7.259883       0.08951
   8     822.8        0.1344        0.0002        7.1354        7.1356       7.001193       0.09182
   7     846.6        0.1377        0.0002        6.8889        6.8891       6.751372       0.08868
   6     870.4        0.1415        0.0002        6.6518        6.6519       6.510389       0.08554
   5     894.1        0.1459        0.0002        6.4229        6.4231       6.277233       0.08276
   4     917.9        0.1509        0.0002        6.1997        6.1999       6.048936       0.08104
   3     941.7        0.1570        0.0001        5.9816        5.9818       5.824769       0.07957
   2     965.5        0.1643        0.0001        5.7703        5.7704       5.606139       0.07760
   1     989.2        0.1733        0.0001        5.5664        5.5665       5.393224       0.07556
   0    1013.0        0.1847        0.0001        5.3699        5.3701       5.185318       0.07381



 Wavenumbers:  3250. -  4000. cm-1, ATM      1
 LEVEL PRESSURE   UPWARD FLUX   DIFDOWN FLUX  DIRDOWN FLUX  DOWNWARD FLUX   NET FLUX    HEATING RATE
          mb          W/m2          W/m2          W/m2        W/m2          W/m2       degree/day
  60   .000300        0.0005        0.0000       19.9125       19.9125      19.911982       0.00000
  59    0.1000        0.0005        0.0000       19.8876       19.8876      19.887075       2.10827
  58    0.1403        0.0005        0.0000       19.8828       19.8828      19.882308       0.99806
  57    0.1968        0.0005        0.0000       19.8769       19.8769      19.876450       0.87498
  56    0.2760        0.0005        0.0000       19.8699       19.8699      19.869416       0.74956
  55    0.3871        0.0005        0.0000       19.8616       19.8616      19.861085       0.63284
  54    0.5430        0.0005        0.0000       19.8519       19.8519      19.851382       0.52525
  53    0.7617        0.0005        0.0000       19.8402       19.8402      19.839681       0.45149
  52     1.069        0.0005        0.0000       19.8257       19.8257      19.825252       0.39691
  51     1.499        0.0005        0.0000       19.8082       19.8082      19.807686       0.34450
  50     2.102        0.0005        0.0000       19.7868       19.7868      19.786356       0.29823
  49     2.949        0.0005        0.0000       19.7607       19.7608      19.760266       0.26007
  48     4.137        0.0005        0.0000       19.7291       19.7291      19.728629       0.22481
  47     5.803        0.0005        0.0000       19.6899       19.6899      19.689433       0.19856
  46     8.139        0.0005        0.0000       19.6386       19.6387      19.638178       0.18511
  45     11.42        0.0005        0.0000       19.5667       19.5667      19.566216       0.18528
  44     16.01        0.0005        0.0000       19.4609       19.4610      19.460491       0.19406
  43     22.46        0.0005        0.0000       19.3044       19.3044      19.303969       0.20481
  42     31.51        0.0004        0.0000       19.0788       19.0788      19.078354       0.21047
  41     44.20        0.0004        0.0001       18.7745       18.7745      18.774090       0.20235
  40     62.00        0.0004        0.0001       18.4083       18.4084      18.407974       0.17358
  39     85.78        0.0004        0.0001       18.0055       18.0056      18.005244       0.14295
  38     109.5        0.0003        0.0001       17.6203       17.6204      17.620068       0.13672
  37     133.1        0.0003        0.0002       17.2624       17.2626      17.262258       0.12849
  36     156.8        0.0003        0.0002       16.9188       16.9189      16.918644       0.12185
  35     180.6        0.0003        0.0002       16.5373       16.5375      16.537258       0.13540
  34     202.8        0.0002        0.0002       16.0827       16.0829      16.082662       0.17260
  33     228.4        0.0002        0.0002       15.4965       15.4968      15.496546       0.19338
  32     252.2        0.0002        0.0003       14.7967       14.7970      14.796777       0.24839
  31     276.0        0.0002        0.0003       13.9939       13.9941      13.993968       0.28496
  30     299.8        0.0002        0.0003       13.0903       13.0906      13.090441       0.32071
  29     323.5        0.0001        0.0003       12.1501       12.1504      12.150267       0.33372
  28     347.3        0.0001        0.0003       11.2137       11.2139      11.213811       0.33240
  27     371.1        0.0001        0.0002       10.3167       10.3170      10.316855       0.31838
  26     394.9        0.0001        0.0002        9.4294        9.4297       9.429573       0.31495
  25     418.6        0.0001        0.0002        8.5984        8.5986       8.598512       0.29499
  24     442.4        0.0001        0.0002        7.8356        7.8358       7.835724       0.27076
  23     466.2        0.0001        0.0002        7.1458        7.1460       7.145926       0.24485
  22     489.9        0.0001        0.0002        6.5246        6.5248       6.524762       0.22049
  21     513.7        0.0000        0.0002        5.9461        5.9463       5.946201       0.20537
  20     537.5        0.0000        0.0002        5.4103        5.4105       5.410436       0.19017
  19     561.3        0.0000        0.0002        4.9101        4.9102       4.910207       0.17756
  18     585.0        0.0000        0.0001        4.4403        4.4404       4.440415       0.16676
  17     608.8        0.0000        0.0001        4.0098        4.0099       4.009876       0.15282
  16     632.6        0.0000        0.0001        3.6108        3.6109       3.610876       0.14163
  15     656.4        0.0000        0.0001        3.2261        3.2262       3.226151       0.13656
  14     680.1        0.0000        0.0001        2.8567        2.8567       2.856727       0.13113
  13     703.9        0.0000        0.0001        2.5043        2.5044       2.504376       0.12507
  12     727.7        0.0000        0.0001        2.1670        2.1670       2.167017       0.11975
  11     751.5        0.0000        0.0001        1.8441        1.8441       1.844121       0.11462
  10     775.2        0.0000        0.0000        1.5453        1.5454       1.545371       0.10604
   9     799.0        0.0000        0.0000        1.2727        1.2727       1.272690       0.09679
   8     822.8        0.0000        0.0000        1.0278        1.0279       1.027835       0.08691
   7     846.6        0.0001        0.0000        0.8223        0.8223       0.822288       0.07296
   6     870.4        0.0001        0.0000        0.6499        0.6499       0.649851       0.06121
   5     894.1        0.0001        0.0000        0.5052        0.5052       0.505051       0.05140
   4     917.9        0.0002        0.0000        0.3837        0.3837       0.383449       0.04316
   3     941.7        0.0004        0.0000        0.2834        0.2834       0.282976       0.03566
   2     965.5        0.0007        0.0000        0.2034        0.2034       0.202670       0.02851
   1     989.2        0.0015        0.0000        0.1417        0.1417       0.140185       0.02217
   0    1013.0        0.0033        0.0000        0.0956        0.0956       0.092271       0.01701



 Wavenumbers:  4000. -  4650. cm-1, ATM      1
 LEVEL PRESSURE   UPWARD FLUX   DIFDOWN FLUX  DIRDOWN FLUX  DOWNWARD FLUX   NET FLUX    HEATING RATE
          mb          W/m2          W/m2          W/m2        W/m2          W/m2       degree/day
  60   .000300        0.4657        0.0000       23.3833       23.3833      22.917513       0.00000
  59    0.1000        0.4657        0.0000       23.3832       23.3832      22.917504       0.00076
  58    0.1403        0.4657        0.0000       23.3832       23.3832      22.917500       0.00076
  57    0.1968        0.4657        0.0000       23.3832       23.3832      22.917495       0.00077
  56    0.2760        0.4657        0.0000       23.3832       23.3832      22.917488       0.00076
  55    0.3871        0.4657        0.0000       23.3832       23.3832      22.917478       0.00080
  54    0.5430        0.4657        0.0000       23.3832       23.3832      22.917462       0.00085
  53    0.7617        0.4657        0.0000       23.3832       23.3832      22.917437       0.00095
  52     1.069        0.4657        0.0000       23.3831       23.3831      22.917396       0.00114
  51     1.499        0.4657        0.0000       23.3831       23.3831      22.917319       0.00151
  50     2.102        0.4657        0.0000       23.3829       23.3829      22.917178       0.00197
  49     2.949        0.4657        0.0000       23.3826       23.3827      22.916925       0.00252
  48     4.137        0.4657        0.0000       23.3822       23.3822      22.916496       0.00305
  47     5.803        0.4657        0.0000       23.3815       23.3815      22.915803       0.00351
  46     8.139        0.4657        0.0000       23.3804       23.3804      22.914718       0.00392
  45     11.42        0.4657        0.0000       23.3787       23.3787      22.913044       0.00431
  44     16.01        0.4657        0.0001       23.3761       23.3762      22.910501       0.00467
  43     22.46        0.4657        0.0001       23.3723       23.3724      22.906696       0.00498
  42     31.51        0.4656        0.0001       23.3665       23.3666      22.900981       0.00533
  41     44.20        0.4656        0.0002       23.3574       23.3575      22.891908       0.00603
  40     62.00        0.4656        0.0002       23.3430       23.3433      22.877720       0.00673
  39     85.78        0.4655        0.0003       23.3227       23.3230      22.857545       0.00716
  38     109.5        0.4654        0.0004       23.3006       23.3010      22.835606       0.00779
  37     133.1        0.4654        0.0005       23.2791       23.2796      22.814220       0.00768
  36     156.8        0.4654        0.0006       23.2580       23.2585      22.793161       0.00747
  35     180.6        0.4653        0.0006       23.2349       23.2355      22.770215       0.00815
  34     202.8        0.4653        0.0007       23.2112       23.2119      22.746608       0.00896
  33     228.4        0.4653        0.0008       23.1837       23.1845      22.719158       0.00906
  32     252.2        0.4653        0.0009       23.1511       23.1520      22.686611       0.01155
  31     276.0        0.4654        0.0010       23.1118       23.1128      22.647374       0.01393
  30     299.8        0.4655        0.0011       23.0632       23.0642      22.598730       0.01727
  29     323.5        0.4657        0.0011       23.0048       23.0059      22.540242       0.02076
  28     347.3        0.4659        0.0012       22.9362       22.9374      22.471536       0.02439
  27     371.1        0.4661        0.0013       22.8576       22.8588      22.392752       0.02797
  26     394.9        0.4664        0.0014       22.7630       22.7644      22.298005       0.03363
  25     418.6        0.4667        0.0014       22.6510       22.6525      22.185777       0.03984
  24     442.4        0.4670        0.0015       22.5199       22.5214      22.054351       0.04665
  23     466.2        0.4674        0.0016       22.3721       22.3737      21.906240       0.05257
  22     489.9        0.4679        0.0016       22.2115       22.2131      21.745238       0.05715
  21     513.7        0.4684        0.0017       22.0376       22.0393      21.570899       0.06188
  20     537.5        0.4690        0.0018       21.8558       21.8576      21.388561       0.06472
  19     561.3        0.4697        0.0018       21.6689       21.6707      21.201007       0.06657
  18     585.0        0.4705        0.0019       21.4778       21.4797      21.009138       0.06811
  17     608.8        0.4715        0.0019       21.2884       21.2904      20.818937       0.06751
  16     632.6        0.4725        0.0020       21.0988       21.1008      20.628263       0.06768
  15     656.4        0.4737        0.0020       20.8990       20.9011      20.427364       0.07131
  14     680.1        0.4752        0.0021       20.6867       20.6888      20.213678       0.07585
  13     703.9        0.4768        0.0021       20.4573       20.4594      19.982573       0.08203
  12     727.7        0.4789        0.0022       20.2037       20.2059      19.727048       0.09070
  11     751.5        0.4813        0.0022       19.9196       19.9218      19.440427       0.10174
  10     775.2        0.4844        0.0022       19.6069       19.6091      19.124721       0.11206
   9     799.0        0.4881        0.0022       19.2675       19.2697      18.781623       0.12179
   8     822.8        0.4926        0.0023       18.9082       18.9105      18.417854       0.12912
   7     846.6        0.4978        0.0023       18.5589       18.5612      18.063422       0.12581
   6     870.4        0.5035        0.0023       18.2238       18.2260      17.722490       0.12102
   5     894.1        0.5101        0.0023       17.9031       17.9054      17.395222       0.11617
   4     917.9        0.5177        0.0023       17.5931       17.5955      17.077706       0.11270
   3     941.7        0.5267        0.0023       17.2924       17.2947      16.768033       0.10992
   2     965.5        0.5372        0.0024       17.0021       17.0045      16.467265       0.10676
   1     989.2        0.5500        0.0024       16.7217       16.7240      16.174024       0.10407
   0    1013.0        0.5660        0.0024       16.4491       16.4515      15.885522       0.10243



 Wavenumbers:  4650. -  5150. cm-1, ATM      1
 LEVEL PRESSURE   UPWARD FLUX   DIFDOWN FLUX  DIRDOWN FLUX  DOWNWARD FLUX   NET FLUX    HEATING RATE
          mb          W/m2          W/m2          W/m2        W/m2          W/m2       degree/day
  60   .000300        0.3436        0.0000       22.1334       22.1334      21.789763       0.00000
  59    0.1000        0.3436        0.0000       22.1312       22.1312      21.787632       0.18034
  58    0.1403        0.3436        0.0000       22.1304       22.1304      21.786782       0.17807
  57    0.1968        0.3436        0.0000       22.1292       22.1292      21.785594       0.17745
  56    0.2760        0.3436        0.0000       22.1275       22.1276      21.783962       0.17390
  55    0.3871        0.3436        0.0000       22.1253       22.1253      21.781701       0.17176
  54    0.5430        0.3436        0.0000       22.1222       22.1222      21.778613       0.16713
  53    0.7617        0.3436        0.0000       22.1180       22.1180      21.774426       0.16158
  52     1.069        0.3436        0.0000       22.1123       22.1124      21.768770       0.15559
  51     1.499        0.3436        0.0000       22.1049       22.1050      21.761371       0.14511
  50     2.102        0.3436        0.0000       22.0955       22.0955      21.751957       0.13161
  49     2.949        0.3436        0.0000       22.0837       22.0837      21.740105       0.11815
  48     4.137        0.3436        0.0000       22.0695       22.0695      21.725977       0.10039
  47     5.803        0.3436        0.0000       22.0535       22.0536      21.710000       0.08093
  46     8.139        0.3435        0.0000       22.0363       22.0363      21.692765       0.06225
  45     11.42        0.3435        0.0001       22.0180       22.0181      21.674553       0.04689
  44     16.01        0.3435        0.0001       21.9978       21.9979      21.654348       0.03709
  43     22.46        0.3435        0.0001       21.9719       21.9720      21.628529       0.03378
  42     31.51        0.3434        0.0002       21.9332       21.9334      21.589953       0.03599
  41     44.20        0.3434        0.0002       21.8708       21.8711      21.527681       0.04141
  40     62.00        0.3433        0.0003       21.7706       21.7710      21.427644       0.04743
  39     85.78        0.3433        0.0005       21.6223       21.6228      21.279537       0.05257
  38     109.5        0.3432        0.0006       21.4657       21.4663      21.123068       0.05554
  37     133.1        0.3432        0.0007       21.3167       21.3174      20.974243       0.05344
  36     156.8        0.3432        0.0008       21.1772       21.1780      20.834817       0.04944
  35     180.6        0.3432        0.0010       21.0363       21.0373      20.694114       0.04995
  34     202.8        0.3432        0.0011       20.9078       20.9088      20.565608       0.04879
  33     228.4        0.3433        0.0012       20.7821       20.7833      20.440017       0.04144
  32     252.2        0.3433        0.0013       20.6603       20.6616      20.318272       0.04321
  31     276.0        0.3435        0.0014       20.5417       20.5431      20.199618       0.04212
  30     299.8        0.3436        0.0015       20.4203       20.4218      20.078211       0.04309
  29     323.5        0.3439        0.0016       20.2944       20.2961      19.952187       0.04473
  28     347.3        0.3442        0.0017       20.1644       20.1661      19.821955       0.04623
  27     371.1        0.3445        0.0018       20.0293       20.0311      19.686586       0.04805
  26     394.9        0.3450        0.0019       19.8846       19.8866      19.541588       0.05147
  25     418.6        0.3455        0.0020       19.7309       19.7329      19.387451       0.05471
  24     442.4        0.3461        0.0021       19.5667       19.5688      19.222726       0.05847
  23     466.2        0.3468        0.0022       19.3918       19.3940      19.047188       0.06231
  22     489.9        0.3476        0.0023       19.2072       19.2095      18.861950       0.06575
  21     513.7        0.3485        0.0024       19.0097       19.0121      18.663606       0.07040
  20     537.5        0.3495        0.0024       18.8009       18.8033      18.453811       0.07447
  19     561.3        0.3507        0.0025       18.5793       18.5818      18.231164       0.07903
  18     585.0        0.3520        0.0026       18.3436       18.3462      17.994168       0.08412
  17     608.8        0.3535        0.0026       18.0999       18.1025      17.748960       0.08704
  16     632.6        0.3552        0.0027       17.8483       17.8509      17.495729       0.08989
  15     656.4        0.3571        0.0027       17.5819       17.5846      17.227454       0.09523
  14     680.1        0.3593        0.0028       17.3062       17.3089      16.949599       0.09863
  13     703.9        0.3618        0.0028       17.0231       17.0259      16.664044       0.10136
  12     727.7        0.3647        0.0028       16.7283       16.7311      16.366372       0.10566
  11     751.5        0.3681        0.0029       16.4202       16.4230      16.054908       0.11056
  10     775.2        0.3721        0.0029       16.1032       16.1061      15.733992       0.11391
   9     799.0        0.3768        0.0029       15.7791       15.7820      15.405246       0.11669
   8     822.8        0.3822        0.0029       15.4560       15.4589      15.076703       0.11662
   7     846.6        0.3882        0.0029       15.1481       15.1510      14.762832       0.11141
   6     870.4        0.3948        0.0030       14.8562       14.8592      14.464371       0.10594
   5     894.1        0.4022        0.0030       14.5784       14.5814      14.179203       0.10122
   4     917.9        0.4105        0.0030       14.3099       14.3129      13.902349       0.09827
   3     941.7        0.4200        0.0030       14.0490       14.0520      13.632015       0.09596
   2     965.5        0.4309        0.0030       13.7959       13.7989      13.367990       0.09372
   1     989.2        0.4434        0.0030       13.5504       13.5535      13.110063       0.09153
   0    1013.0        0.4581        0.0030       13.3102       13.3132      12.855122       0.09051



 Wavenumbers:  5150. -  6150. cm-1, ATM      1
 LEVEL PRESSURE   UPWARD FLUX   DIFDOWN FLUX  DIRDOWN FLUX  DOWNWARD FLUX   NET FLUX    HEATING RATE
          mb          W/m2          W/m2          W/m2        W/m2          W/m2       degree/day
  60   .000300        0.8449        0.0000       55.4884       55.4884      54.643526       0.00000
  59    0.1000        0.8449        0.0000       55.4879       55.4879      54.643030       0.04199
  58    0.1403        0.8449        0.0000       55.4877       55.4877      54.642830       0.04193
  57    0.1968        0.8449        0.0000       55.4874       55.4874      54.642548       0.04210
  56    0.2760        0.8449        0.0000       55.4870       55.4870      54.642157       0.04169
  55    0.3871        0.8449        0.0000       55.4865       55.4865      54.641607       0.04180
  54    0.5430        0.8449        0.0000       55.4857       55.4857      54.640839       0.04154
  53    0.7617        0.8449        0.0000       55.4846       55.4846      54.639767       0.04138
  52     1.069        0.8448        0.0000       55.4831       55.4831      54.638254       0.04161
  51     1.499        0.8448        0.0000       55.4810       55.4810      54.636153       0.04122
  50     2.102        0.8448        0.0001       55.4780       55.4781      54.633241       0.04071
  49     2.949        0.8448        0.0001       55.4738       55.4739      54.629116       0.04111
  48     4.137        0.8448        0.0001       55.4680       55.4681      54.623353       0.04095
  47     5.803        0.8447        0.0001       55.4599       55.4601      54.615355       0.04051
  46     8.139        0.8447        0.0002       55.4488       55.4490      54.604296       0.03994
  45     11.42        0.8446        0.0003       55.4334       55.4337      54.589090       0.03915
  44     16.01        0.8445        0.0004       55.4125       55.4129      54.568372       0.03803
  43     22.46        0.8444        0.0006       55.3842       55.3848      54.540402       0.03660
  42     31.51        0.8442        0.0008       55.3466       55.3474      54.503165       0.03474
  41     44.20        0.8439        0.0011       55.2969       55.2980      54.454045       0.03267
  40     62.00        0.8436        0.0016       55.2331       55.2346      54.391040       0.02987
  39     85.78        0.8431        0.0022       55.1563       55.1585      54.315347       0.02687
  38     109.5        0.8426        0.0028       55.0860       55.0887      54.246077       0.02459
  37     133.1        0.8422        0.0033       55.0238       55.0271      54.184925       0.02196
  36     156.8        0.8418        0.0039       54.9646       54.9685      54.126727       0.02064
  35     180.6        0.8413        0.0045       54.8879       54.8924      54.051074       0.02686
  34     202.8        0.8409        0.0051       54.7617       54.7667      53.925854       0.04754
  33     228.4        0.8404        0.0056       54.5302       54.5359      53.695418       0.07603
  32     252.2        0.8400        0.0062       54.1645       54.1707      53.330672       0.12947
  31     276.0        0.8396        0.0066       53.5992       53.6059      52.766243       0.20035
  30     299.8        0.8392        0.0071       52.7805       52.7876      51.948325       0.29033
  29     323.5        0.8389        0.0075       51.7904       51.7979      50.958973       0.35118
  28     347.3        0.8386        0.0078       50.7424       50.7502      49.911618       0.37177
  27     371.1        0.8383        0.0081       49.6942       49.7023      48.863959       0.37188
  26     394.9        0.8381        0.0084       48.5568       48.5652      47.727080       0.40355
  25     418.6        0.8379        0.0086       47.3258       47.3344      46.496512       0.43680
  24     442.4        0.8377        0.0088       46.0235       46.0323      45.194588       0.46213
  23     466.2        0.8376        0.0090       44.7123       44.7213      43.883684       0.46532
  22     489.9        0.8376        0.0091       43.4339       43.4430      42.605431       0.45373
  21     513.7        0.8376        0.0093       42.1649       42.1742      41.336587       0.45039
  20     537.5        0.8377        0.0094       40.9291       40.9385      40.100763       0.43867
  19     561.3        0.8380        0.0095       39.7365       39.7460      38.908060       0.42336
  18     585.0        0.8383        0.0097       38.5965       38.6062      37.767928       0.40470
  17     608.8        0.8387        0.0098       37.5494       37.5592      36.720504       0.37179
  16     632.6        0.8393        0.0100       36.5920       36.6020      35.762753       0.33996
  15     656.4        0.8400        0.0101       35.6921       35.7022      34.862194       0.31966
  14     680.1        0.8409        0.0103       34.8597       34.8700      34.029033       0.29574
  13     703.9        0.8421        0.0104       34.0961       34.1065      33.264374       0.27142
  12     727.7        0.8437        0.0106       33.3872       33.3978      32.554139       0.25210
  11     751.5        0.8456        0.0108       32.7218       32.7326      31.886928       0.23683
  10     775.2        0.8482        0.0109       32.1045       32.1154      31.267266       0.21995
   9     799.0        0.8514        0.0110       31.5273       31.5383      30.686948       0.20599
   8     822.8        0.8555        0.0111       30.9820       30.9931      30.137627       0.19499
   7     846.6        0.8603        0.0113       30.4861       30.4973      29.637022       0.17769
   6     870.4        0.8660        0.0114       30.0215       30.0329      29.166939       0.16686
   5     894.1        0.8727        0.0115       29.5754       29.5869      28.714209       0.16070
   4     917.9        0.8810        0.0116       29.1368       29.1484      28.267369       0.15861
   3     941.7        0.8914        0.0117       28.7007       28.7124      27.821045       0.15843
   2     965.5        0.9046        0.0118       28.2722       28.2840      27.379386       0.15677
   1     989.2        0.9218        0.0119       27.8530       27.8649      26.943097       0.15483
   0    1013.0        0.9449        0.0121       27.4456       27.4577      26.512766       0.15278



 Wavenumbers:  6150. -  7700. cm-1, ATM      1
 LEVEL PRESSURE   UPWARD FLUX   DIFDOWN FLUX  DIRDOWN FLUX  DOWNWARD FLUX   NET FLUX    HEATING RATE
          mb          W/m2          W/m2          W/m2        W/m2          W/m2       degree/day
  60   .000300        1.2835        0.0000      102.6279      102.6279     101.344382       0.00000
  59    0.1000        1.2835        0.0000      102.6272      102.6272     101.343722       0.05585
  58    0.1403        1.2835        0.0000      102.6270      102.6270     101.343455       0.05595
  57    0.1968        1.2835        0.0000      102.6266      102.6266     101.343078       0.05629
  56    0.2760        1.2835        0.0000      102.6260      102.6261     101.342554       0.05584
  55    0.3871        1.2835        0.0000      102.6253      102.6253     101.341816       0.05610
  54    0.5430        1.2835        0.0001      102.6242      102.6243     101.340784       0.05586
  53    0.7617        1.2835        0.0001      102.6227      102.6228     101.339339       0.05573
  52     1.069        1.2834        0.0001      102.6206      102.6207     101.337301       0.05606
  51     1.499        1.2834        0.0002      102.6177      102.6179     101.334473       0.05547
  50     2.102        1.2833        0.0002      102.6137      102.6139     101.330563       0.05467
  49     2.949        1.2832        0.0003      102.6079      102.6083     101.325035       0.05511
  48     4.137        1.2831        0.0004      102.6000      102.6004     101.317320       0.05483
  47     5.803        1.2829        0.0006      102.5889      102.5895     101.306609       0.05426
  46     8.139        1.2827        0.0009      102.5736      102.5745     101.291764       0.05361
  45     11.42        1.2824        0.0012      102.5524      102.5536     101.271256       0.05280
  44     16.01        1.2819        0.0017      102.5233      102.5250     101.243092       0.05170
  43     22.46        1.2812        0.0024      102.4834      102.4858     101.204593       0.05038
  42     31.51        1.2803        0.0034      102.4293      102.4327     101.152391       0.04870
  41     44.20        1.2790        0.0047      102.3564      102.3612     101.082143       0.04672
  40     62.00        1.2772        0.0066      102.2602      102.2668     100.989563       0.04389
  39     85.78        1.2748        0.0091      102.1395      102.1486     100.873813       0.04109
  38     109.5        1.2724        0.0117      102.0240      102.0357     100.763302       0.03923
  37     133.1        1.2700        0.0141      101.9180      101.9321     100.662095       0.03634
  36     156.8        1.2677        0.0165      101.8147      101.8312     100.563503       0.03496
  35     180.6        1.2653        0.0190      101.6823      101.7013     100.435975       0.04527
  34     202.8        1.2629        0.0214      101.4718      101.4932     100.230207       0.07813
  33     228.4        1.2606        0.0238      101.0942      101.1180      99.857375       0.12301
  32     252.2        1.2583        0.0261      100.5369      100.5630      99.304711       0.19617
  31     276.0        1.2561        0.0282       99.7652       99.7933      98.537288       0.27240
  30     299.8        1.2539        0.0301       98.6491       98.6792      97.425295       0.39471
  29     323.5        1.2518        0.0318       97.1441       97.1760      95.924184       0.53283
  28     347.3        1.2499        0.0334       95.3454       95.3788      94.128936       0.63724
  27     371.1        1.2480        0.0348       93.4517       93.4864      92.238399       0.67106
  26     394.9        1.2463        0.0360       91.4622       91.4983      90.251937       0.70511
  25     418.6        1.2448        0.0371       89.4029       89.4400      88.195234       0.73004
  24     442.4        1.2434        0.0380       87.2201       87.2581      86.014673       0.77401
  23     466.2        1.2422        0.0388       84.9424       84.9812      83.738990       0.80777
  22     489.9        1.2412        0.0395       82.6350       82.6745      81.433301       0.81842
  21     513.7        1.2404        0.0400       80.2835       80.3236      79.083218       0.83418
  20     537.5        1.2399        0.0405       77.9480       77.9885      76.748642       0.82868
  19     561.3        1.2397        0.0409       75.6390       75.6799      74.440221       0.81939
  18     585.0        1.2398        0.0412       73.3561       73.3974      72.157537       0.81026
  17     608.8        1.2403        0.0415       71.1742       71.2157      69.975394       0.77457
  16     632.6        1.2412        0.0418       69.0898       69.1316      67.890365       0.74010
  15     656.4        1.2427        0.0420       67.0397       67.0817      65.839051       0.72813
  14     680.1        1.2447        0.0422       65.0403       65.0825      63.837729       0.71039
  13     703.9        1.2476        0.0423       63.1015       63.1438      61.896278       0.68914
  12     727.7        1.2514        0.0424       61.1925       61.2349      59.983508       0.67895
  11     751.5        1.2565        0.0423       59.2903       59.3326      58.076131       0.67704
  10     775.2        1.2631        0.0422       57.4235       57.4658      56.202653       0.66501
   9     799.0        1.2718        0.0421       55.5987       55.6408      54.369003       0.65087
   8     822.8        1.2828        0.0419       53.8351       53.8771      52.594269       0.62996
   7     846.6        1.2958        0.0419       52.2354       52.2773      50.981503       0.57247
   6     870.4        1.3110        0.0418       50.7820       50.8238      49.512795       0.52133
   5     894.1        1.3290        0.0418       49.4459       49.4877      48.158765       0.48062
   4     917.9        1.3507        0.0418       48.1931       48.2349      46.884201       0.45242
   3     941.7        1.3775        0.0419       47.0091       47.0510      45.673466       0.42976
   2     965.5        1.4110        0.0419       45.8898       45.9317      44.520679       0.40919
   1     989.2        1.4537        0.0419       44.8300       44.8720      43.418292       0.39122
   0    1013.0        1.5101        0.0420       43.8221       43.8640      42.353907       0.37789



 Wavenumbers:  7700. -  8050. cm-1, ATM      1
 LEVEL PRESSURE   UPWARD FLUX   DIFDOWN FLUX  DIRDOWN FLUX  DOWNWARD FLUX   NET FLUX    HEATING RATE
          mb          W/m2          W/m2          W/m2        W/m2          W/m2       degree/day
  60   .000300        0.7171        0.0000       24.2540       24.2540      23.536933       0.00000
  59    0.1000        0.7171        0.0000       24.2539       24.2539      23.536768       0.01397
  58    0.1403        0.7171        0.0000       24.2538       24.2538      23.536701       0.01405
  57    0.1968        0.7171        0.0000       24.2537       24.2537      23.536606       0.01413
  56    0.2760        0.7171        0.0000       24.2536       24.2536      23.536475       0.01401
  55    0.3871        0.7171        0.0000       24.2534       24.2534      23.536289       0.01408
  54    0.5430        0.7171        0.0000       24.2531       24.2531      23.536030       0.01402
  53    0.7617        0.7171        0.0000       24.2527       24.2528      23.535668       0.01399
  52     1.069        0.7171        0.0000       24.2522       24.2523      23.535155       0.01409
  51     1.499        0.7171        0.0001       24.2515       24.2516      23.534443       0.01396
  50     2.102        0.7171        0.0001       24.2505       24.2506      23.533456       0.01380
  49     2.949        0.7171        0.0001       24.2490       24.2492      23.532055       0.01396
  48     4.137        0.7171        0.0002       24.2470       24.2472      23.530089       0.01397
  47     5.803        0.7171        0.0002       24.2442       24.2445      23.527341       0.01392
  46     8.139        0.7172        0.0003       24.2403       24.2407      23.523497       0.01389
  45     11.42        0.7172        0.0005       24.2348       24.2353      23.518114       0.01386
  44     16.01        0.7172        0.0007       24.2271       24.2278      23.510591       0.01381
  43     22.46        0.7173        0.0010       24.2164       24.2173      23.500062       0.01378
  42     31.51        0.7173        0.0013       24.2013       24.2027      23.485334       0.01374
  41     44.20        0.7174        0.0019       24.1803       24.1821      23.464715       0.01371
  40     62.00        0.7176        0.0026       24.1511       24.1537      23.436107       0.01356
  39     85.78        0.7177        0.0036       24.1123       24.1159      23.398185       0.01346
  38     109.5        0.7180        0.0046       24.0733       24.0779      23.359950       0.01357
  37     133.1        0.7182        0.0056       24.0360       24.0416      23.323408       0.01312
  36     156.8        0.7184        0.0065       24.0000       24.0065      23.288100       0.01252
  35     180.6        0.7186        0.0075       23.9620       23.9695      23.250859       0.01322
  34     202.8        0.7189        0.0084       23.9257       23.9341      23.215240       0.01352
  33     228.4        0.7191        0.0094       23.8888       23.8982      23.179120       0.01192
  32     252.2        0.7194        0.0104       23.8521       23.8625      23.143093       0.01279
  31     276.0        0.7197        0.0113       23.8160       23.8273      23.107628       0.01259
  30     299.8        0.7200        0.0123       23.7797       23.7920      23.071991       0.01265
  29     323.5        0.7203        0.0132       23.7434       23.7566      23.036292       0.01267
  28     347.3        0.7207        0.0142       23.7073       23.7215      23.000854       0.01258
  27     371.1        0.7210        0.0151       23.6717       23.6868      22.965762       0.01246
  26     394.9        0.7214        0.0160       23.6354       23.6514      22.929989       0.01270
  25     418.6        0.7219        0.0170       23.5989       23.6159      22.894017       0.01277
  24     442.4        0.7224        0.0179       23.5621       23.5801      22.857697       0.01289
  23     466.2        0.7229        0.0188       23.5249       23.5437      22.820878       0.01307
  22     489.9        0.7234        0.0198       23.4876       23.5074      22.783944       0.01311
  21     513.7        0.7240        0.0207       23.4495       23.4701      22.746128       0.01342
  20     537.5        0.7247        0.0216       23.4109       23.4325      22.707851       0.01359
  19     561.3        0.7254        0.0225       23.3718       23.3943      22.668941       0.01381
  18     585.0        0.7262        0.0234       23.3312       23.3546      22.628441       0.01438
  17     608.8        0.7270        0.0243       23.2900       23.3143      22.587247       0.01462
  16     632.6        0.7279        0.0251       23.2480       23.2732      22.545218       0.01492
  15     656.4        0.7290        0.0260       23.2041       23.2301      22.501169       0.01564
  14     680.1        0.7301        0.0269       23.1588       23.1857      22.455580       0.01618
  13     703.9        0.7313        0.0277       23.1118       23.1395      22.408172       0.01683
  12     727.7        0.7327        0.0286       23.0621       23.0906      22.357918       0.01784
  11     751.5        0.7343        0.0294       23.0090       23.0384      22.304111       0.01910
  10     775.2        0.7361        0.0303       22.9527       22.9830      22.246880       0.02031
   9     799.0        0.7382        0.0311       22.8929       22.9239      22.185772       0.02169
   8     822.8        0.7405        0.0319       22.8287       22.8605      22.120056       0.02333
   7     846.6        0.7430        0.0327       22.7625       22.7952      22.052195       0.02409
   6     870.4        0.7457        0.0334       22.6948       22.7283      21.982601       0.02470
   5     894.1        0.7486        0.0342       22.6255       22.6598      21.911186       0.02535
   4     917.9        0.7517        0.0350       22.5537       22.5887      21.836983       0.02634
   3     941.7        0.7552        0.0357       22.4792       22.5149      21.759747       0.02742
   2     965.5        0.7589        0.0364       22.4024       22.4388      21.679855       0.02836
   1     989.2        0.7630        0.0371       22.3232       22.3603      21.597281       0.02930
   0    1013.0        0.7675        0.0378       22.2416       22.2794      21.511924       0.03030



 Wavenumbers:  8050. - 12850. cm-1, ATM      1
 LEVEL PRESSURE   UPWARD FLUX   DIFDOWN FLUX  DIRDOWN FLUX  DOWNWARD FLUX   NET FLUX    HEATING RATE
          mb          W/m2          W/m2          W/m2        W/m2          W/m2       degree/day
  60   .000300        9.6137        0.0000      339.5744      339.5744     329.960649       0.00000
  59    0.1000        9.6135        0.0002      339.5740      339.5742     329.960649       0.00000
  58    0.1403        9.6134        0.0003      339.5738      339.5741     329.960649       0.00000
  57    0.1968        9.6133        0.0004      339.5736      339.5740     329.960649      -0.00000
  56    0.2760        9.6132        0.0006      339.5733      339.5738     329.960649       0.00000
  55    0.3871        9.6130        0.0008      339.5728      339.5736     329.960649       0.00000
  54    0.5430        9.6127        0.0011      339.5722      339.5733     329.960649       0.00000
  53    0.7617        9.6123        0.0016      339.5713      339.5729     329.960649       0.00000
  52     1.069        9.6117        0.0022      339.5701      339.5723     329.960649      -0.00000
  51     1.499        9.6109        0.0031      339.5684      339.5715     329.960649       0.00000
  50     2.102        9.6097        0.0043      339.5661      339.5704     329.960649       0.00000
  49     2.949        9.6081        0.0061      339.5627      339.5688     329.960649       0.00000
  48     4.137        9.6059        0.0085      339.5580      339.5666     329.960649       0.00000
  47     5.803        9.6028        0.0120      339.5515      339.5634     329.960649      -0.00000
  46     8.139        9.5984        0.0168      339.5423      339.5590     329.960649       0.00000
  45     11.42        9.5922        0.0235      339.5294      339.5529     329.960649       0.00000
  44     16.01        9.5836        0.0329      339.5114      339.5443     329.960649       0.00000
  43     22.46        9.5716        0.0461      339.4861      339.5322     329.960649       0.00000
  42     31.51        9.5546        0.0646      339.4507      339.5153     329.960649      -0.00000
  41     44.20        9.5308        0.0906      339.4009      339.4915     329.960649       0.00000
  40     62.00        9.4976        0.1269      339.3313      339.4582     329.960649       0.00000
  39     85.78        9.4532        0.1754      339.2385      339.4138     329.960649       0.00000
  38     109.5        9.4081        0.2246      339.1313      339.3559     329.947861       0.00454
  37     133.1        9.3646        0.2720      339.0282      339.3002     329.935569       0.00441
  36     156.8        9.3222        0.3181      338.9270      339.2451     329.922901       0.00449
  35     180.6        9.2772        0.3672      338.8147      339.1819     329.904697       0.00646
  34     202.8        9.2338        0.4143      338.6891      339.1034     329.869600       0.01333
  33     228.4        9.1896        0.4624      338.5178      338.9803     329.790703       0.02603
  32     252.2        9.1452        0.5105      338.2768      338.7873     329.642083       0.05275
  31     276.0        9.1015        0.5578      337.9354      338.4932     329.391697       0.08888
  30     299.8        9.0577        0.6052      337.4504      338.0557     328.997945       0.13977
  29     323.5        9.0141        0.6524      336.8110      337.4634     328.449347       0.19473
  28     347.3        8.9712        0.6988      336.0315      336.7303     327.759142       0.24499
  27     371.1        8.9293        0.7441      335.1541      335.8982     326.968954       0.28048
  26     394.9        8.8873        0.7896      334.1503      334.9399     326.052635       0.32526
  25     418.6        8.8460        0.8343      333.0227      333.8571     325.011053       0.36972
  24     442.4        8.8056        0.8783      331.7416      332.6198     323.814276       0.42481
  23     466.2        8.7658        0.9216      330.3065      331.2281     322.462292       0.47990
  22     489.9        8.7274        0.9636      328.7323      329.6959     320.968476       0.53024
  21     513.7        8.6899        1.0050      326.9791      327.9840     319.294088       0.59434
  20     537.5        8.6541        1.0449      325.0654      326.1103     317.456232       0.65236
  19     561.3        8.6201        1.0835      322.9885      324.0720     315.451991       0.71142
  18     585.0        8.5872        1.1216      320.7303      321.8519     313.264759       0.77638
  17     608.8        8.5564        1.1584      318.3603      319.5187     310.962353       0.81726
  16     632.6        8.5278        1.1939      315.8843      317.0782     308.550382       0.85615
  15     656.4        8.5015        1.2287      313.2205      314.4491     305.947661       0.92386
  14     680.1        8.4785        1.2618      310.3882      311.6500     303.171484       0.98543
  13     703.9        8.4594        1.2933      307.4019      308.6952     300.235764       1.04206
  12     727.7        8.4447        1.3235      304.2178      305.5413     297.096563       1.11429
  11     751.5        8.4360        1.3521      300.7932      302.1453     293.709370       1.20231
  10     775.2        8.4346        1.3786      297.1729      298.5515     290.116831       1.27520
   9     799.0        8.4423        1.4029      293.3710      294.7739     286.331602       1.34360
   8     822.8        8.4597        1.4259      289.4222      290.8481     282.388331       1.39970
   7     846.6        8.4851        1.4484      285.5870      287.0355     278.550322       1.36233
   6     870.4        8.5193        1.4704      281.8750      283.3454     274.826125       1.32194
   5     894.1        8.5637        1.4919      278.2658      279.7577     271.193960       1.28927
   4     917.9        8.6214        1.5130      274.7046      276.2177     267.596291       1.27702
   3     941.7        8.6960        1.5335      271.1742      272.7077     264.011682       1.27239
   2     965.5        8.7919        1.5532      267.7026      269.2558     260.463910       1.25931
   1     989.2        8.9156        1.5721      264.2930      265.8652     256.949571       1.24718
   0    1013.0        9.0770        1.5903      260.9457      262.5360     253.459007       1.23927



 Wavenumbers: 12850. - 16000. cm-1, ATM      1
 LEVEL PRESSURE   UPWARD FLUX   DIFDOWN FLUX  DIRDOWN FLUX  DOWNWARD FLUX   NET FLUX    HEATING RATE
          mb          W/m2          W/m2          W/m2        W/m2          W/m2       degree/day
  60   .000300       12.4480        0.0000      212.7733      212.7733     200.325291       0.00000
  59    0.1000       12.4477        0.0005      212.7656      212.7661     200.318381       0.58487
  58    0.1403       12.4476        0.0006      212.7625      212.7631     200.315537       0.59560
  57    0.1968       12.4474        0.0009      212.7580      212.7589     200.311510       0.60154
  56    0.2760       12.4471        0.0013      212.7518      212.7530     200.305895       0.59829
  55    0.3871       12.4468        0.0018      212.7431      212.7449     200.298037       0.59692
  54    0.5430       12.4464        0.0025      212.7311      212.7336     200.287189       0.58722
  53    0.7617       12.4459        0.0035      212.7145      212.7180     200.272079       0.58306
  52     1.069       12.4453        0.0049      212.6913      212.6962     200.250887       0.58293
  51     1.499       12.4447        0.0068      212.6593      212.6661     200.221443       0.57744
  50     2.102       12.4443        0.0095      212.6145      212.6240     200.179771       0.58263
  49     2.949       12.4445        0.0134      212.5490      212.5624     200.117836       0.61739
  48     4.137       12.4460        0.0187      212.4546      212.4733     200.027296       0.64338
  47     5.803       12.4489        0.0263      212.3248      212.3510     199.902132       0.63406
  46     8.139       12.4526        0.0368      212.1561      212.1928     199.740178       0.58491
  45     11.42       12.4561        0.0514      211.9448      211.9963     199.540191       0.51490
  44     16.01       12.4581        0.0719      211.6813      211.7533     199.295142       0.44979
  43     22.46       12.4571        0.1006      211.3520      211.4526     198.995504       0.39209
  42     31.51       12.4490        0.1407      210.9570      211.0977     198.648674       0.32354
  41     44.20       12.4270        0.1969      210.5085      210.7054     198.278434       0.24622
  40     62.00       12.3849        0.2751      209.9972      210.2723     197.887433       0.18538
  39     85.78       12.3146        0.3794      209.4620      209.8414     197.526760       0.12802
  38     109.5       12.2379        0.4855      209.0059      209.4914     197.253465       0.09701
  37     133.1       12.1615        0.5873      208.6003      209.1877     197.026173       0.08162
  36     156.8       12.0858        0.6862      208.2278      208.9140     196.828254       0.07018
  35     180.6       12.0034        0.7910      207.8546      208.6456     196.642240       0.06604
  34     202.8       11.9223        0.8917      207.5135      208.4053     196.483012       0.06046
  33     228.4       11.8387        0.9942      207.1730      208.1672     196.328571       0.05096
  32     252.2       11.7542        1.0968      206.8338      207.9306     196.176348       0.05403
  31     276.0       11.6703        1.1978      206.4993      207.6971     196.026844       0.05307
  30     299.8       11.5853        1.2994      206.1593      207.4587     195.873391       0.05447
  29     323.5       11.5001        1.4010      205.8131      207.2141     195.714023       0.05657
  28     347.3       11.4155        1.5013      205.4624      206.9637     195.548199       0.05886
  27     371.1       11.3321        1.6001      205.1084      206.7085     195.376351       0.06100
  26     394.9       11.2477        1.6999      204.7403      206.4402     195.192547       0.06524
  25     418.6       11.1636        1.7992      204.3626      206.1618     194.998145       0.06900
  24     442.4       11.0800        1.8979      203.9732      205.8711     194.791102       0.07349
  23     466.2       10.9965        1.9965      203.5709      205.5674     194.570853       0.07818
  22     489.9       10.9145        2.0935      203.1599      205.2534     194.338947       0.08232
  21     513.7       10.8325        2.1906      202.7306      204.9212     194.088764       0.08880
  20     537.5       10.7520        2.2862      202.2873      204.5735     193.821490       0.09487
  19     561.3       10.6731        2.3804      201.8271      204.2075     193.534405       0.10190
  18     585.0       10.5940        2.4753      201.3403      203.8156     193.221592       0.11104
  17     608.8       10.5165        2.5685      200.8419      203.4105     192.893914       0.11631
  16     632.6       10.4408        2.6601      200.3307      202.9908     192.550054       0.12206
  15     656.4       10.3654        2.7519      199.7915      202.5433     192.177917       0.13209
  14     680.1       10.2923        2.8417      199.2288      202.0705     191.778150       0.14190
  13     703.9       10.2219        2.9296      198.6393      201.5688     191.346980       0.15305
  12     727.7       10.1533        3.0167      198.0090      201.0257     190.872352       0.16847
  11     751.5       10.0873        3.1027      197.3323      200.4350     190.347714       0.18622
  10     775.2       10.0252        3.1865      196.6117      199.7983     189.773043       0.20398
   9     799.0        9.9677        3.2679      195.8428      199.1107     189.143017       0.22363
   8     822.8        9.9140        3.3482      195.0206      198.3688     188.454844       0.24427
   7     846.6        9.8634        3.4273      194.1839      197.6112     187.747804       0.25097
   6     870.4        9.8165        3.5049      193.3397      196.8446     187.028078       0.25547
   5     894.1        9.7734        3.5809      192.4885      196.0694     186.295947       0.25988
   4     917.9        9.7343        3.6561      191.6215      195.2775     185.543210       0.26719
   3     941.7        9.7002        3.7301      190.7361      194.4662     184.766062       0.27586
   2     965.5        9.6719        3.8025      189.8409      193.6433     183.971417       0.28207
   1     989.2        9.6503        3.8731      188.9373      192.8104     183.160107       0.28792
   0    1013.0        9.6364        3.9421      188.0250      191.9672     182.330751       0.29445



 Wavenumbers: 16000. - 22650. cm-1, ATM      1
 LEVEL PRESSURE   UPWARD FLUX   DIFDOWN FLUX  DIRDOWN FLUX  DOWNWARD FLUX   NET FLUX    HEATING RATE
          mb          W/m2          W/m2          W/m2        W/m2          W/m2       degree/day
  60   .000300       37.0353        0.0000      339.2435      339.2435     302.208259       0.00000
  59    0.1000       37.0336        0.0026      339.2384      339.2410     302.207427       0.07042
  58    0.1403       37.0329        0.0036      339.2360      339.2397     302.206760       0.13957
  57    0.1968       37.0321        0.0051      339.2325      339.2376     302.205555       0.18006
  56    0.2760       37.0310        0.0072      339.2272      339.2344     302.203435       0.22587
  55    0.3871       37.0295        0.0101      339.2192      339.2293     302.199861       0.27146
  54    0.5430       37.0275        0.0142      339.2073      339.2214     302.193869       0.32437
  53    0.7617       37.0252        0.0198      339.1886      339.2085     302.183295       0.40802
  52     1.069       37.0225        0.0279      339.1589      339.1868     302.164287       0.52287
  51     1.499       37.0199        0.0390      339.1112      339.1502     302.130258       0.66739
  50     2.102       37.0187        0.0545      339.0324      339.0869     302.068176       0.86799
  49     2.949       37.0213        0.0764      338.8975      338.9740     301.952626       1.15183
  48     4.137       37.0308        0.1072      338.6773      338.7844     301.753611       1.41422
  47     5.803       37.0482        0.1501      338.3476      338.4977     301.449423       1.54096
  46     8.139       37.0710        0.2100      337.8958      338.1058     301.034796       1.49745
  45     11.42       37.0938        0.2938      337.3143      337.6081     300.514303       1.34008
  44     16.01       37.1111        0.4107      336.5812      336.9919     299.880857       1.16270
  43     22.46       37.1152        0.5741      335.6644      336.2385     299.123210       0.99141
  42     31.51       37.0864        0.8023      334.5678      335.3701     298.283723       0.78313
  41     44.20       36.9899        1.1217      333.3265      334.4482     297.458266       0.54896
  40     62.00       36.7961        1.5651      331.9089      333.4740     296.677861       0.37000
  39     85.78       36.4635        2.1546      330.4023      332.5569     296.093392       0.20746
  38     109.5       36.0841        2.7502      329.0890      331.8392     295.755112       0.12008
  37     133.1       35.7070        3.3196      327.8840      331.2036     295.496646       0.09282
  36     156.8       35.3330        3.8700      326.7456      330.6156     295.282553       0.07592
  35     180.6       34.9267        4.4513      325.5788      330.0301     295.103488       0.06357
  34     202.8       34.5269        5.0078      324.4968      329.5045     294.977659       0.04777
  33     228.4       34.1142        5.5718      323.4156      328.9874     294.873271       0.03444
  32     252.2       33.6967        6.1338      322.3465      328.4802     294.783523       0.03186
  31     276.0       33.2806        6.6857      321.3042      327.9899     294.709300       0.02635
  30     299.8       32.8582        7.2385      320.2655      327.5040     294.645830       0.02253
  29     323.5       32.4326        7.7890      319.2309      327.0199     294.587298       0.02078
  28     347.3       32.0089        8.3312      318.2108      326.5420     294.533111       0.01923
  27     371.1       31.5885        8.8631      317.2086      326.0717     294.483185       0.01772
  26     394.9       31.1604        9.3991      316.1965      325.5956     294.435155       0.01705
  25     418.6       30.7317        9.9304      315.1900      325.1204     294.388676       0.01650
  24     442.4       30.3017       10.4578      314.1870      324.6447     294.343098       0.01618
  23     466.2       29.8689       10.9831      313.1839      324.1671     294.298196       0.01594
  22     489.9       29.4394       11.4992      312.1942      323.6935     294.254112       0.01565
  21     513.7       29.0058       12.0150      311.2001      323.2151     294.209269       0.01592
  20     537.5       28.5749       12.5227      310.2156      322.7384     294.163478       0.01625
  19     561.3       28.1459       13.0232      309.2389      322.2621     294.116152       0.01680
  18     585.0       27.7096       13.5273      308.2483      321.7756     294.066015       0.01780
  17     608.8       27.2761       14.0232      307.2669      321.2901     294.013993       0.01847
  16     632.6       26.8455       14.5111      306.2941      320.8052     293.959725       0.01926
  15     656.4       26.4089       15.0010      305.3090      320.3100     293.901139       0.02080
  14     680.1       25.9751       15.4832      304.3298      319.8130     293.837895       0.02245
  13     703.9       25.5441       15.9578      303.3552      319.3130     293.768970       0.02447
  12     727.7       25.1094       16.4319      302.3695      318.8014     293.691974       0.02733
  11     751.5       24.6714       16.9054      301.3705      318.2758     293.604487       0.03105
  10     775.2       24.2353       17.3723      300.3689      317.7412     293.505860       0.03501
   9     799.0       23.8016       17.8327      299.3634      317.1961     293.394515       0.03952
   8     822.8       23.3630       18.2939      298.3388      316.6327     293.269682       0.04431
   7     846.6       22.9243       18.7506      297.3123      316.0629     293.138688       0.04650
   6     870.4       22.4877       19.2006      296.2898      315.4904     293.002711       0.04827
   5     894.1       22.0533       19.6440      295.2716      314.9156     292.862289       0.04984
   4     917.9       21.6163       20.0855      294.2460      314.3315     292.715276       0.05218
   3     941.7       21.1781       20.5238      293.2158      313.7396     292.561418       0.05461
   2     965.5       20.7423       20.9554      292.1887      313.1442     292.401880       0.05663
   1     989.2       20.3087       21.3806      291.1651      312.5457     292.237075       0.05849
   0    1013.0       19.8773       21.7994      290.1451      311.9445     292.067208       0.06031



 Wavenumbers: 22650. - 29000. cm-1, ATM      1
 LEVEL PRESSURE   UPWARD FLUX   DIFDOWN FLUX  DIRDOWN FLUX  DOWNWARD FLUX   NET FLUX    HEATING RATE
          mb          W/m2          W/m2          W/m2        W/m2          W/m2       degree/day
  60   .000300       26.6765        0.0000      128.0182      128.0182     101.341658       0.00000
  59    0.1000       26.6748        0.0033      128.0131      128.0165     101.341658       0.00000
  58    0.1403       26.6741        0.0047      128.0111      128.0158     101.341658       0.00000
  57    0.1968       26.6731        0.0066      128.0082      128.0148     101.341658      -0.00000
  56    0.2760       26.6718        0.0092      128.0043      128.0135     101.341658       0.00000
  55    0.3871       26.6699        0.0129      127.9986      128.0116     101.341658      -0.00000
  54    0.5430       26.6672        0.0181      127.9908      128.0089     101.341658       0.00000
  53    0.7617       26.6635        0.0254      127.9798      128.0052     101.341658      -0.00000
  52     1.069       26.6583        0.0357      127.9643      127.9999     101.341658       0.00000
  51     1.499       26.6510        0.0499      127.9427      127.9926     101.341658      -0.00000
  50     2.102       26.6408        0.0697      127.9128      127.9825     101.341658       0.00000
  49     2.949       26.6265        0.0978      127.8703      127.9681     101.341658       0.00000
  48     4.137       26.6063        0.1372      127.8107      127.9479     101.341658       0.00000
  47     5.803       26.5780        0.1922      127.7275      127.9197     101.341658       0.00000
  46     8.139       26.5384        0.2691      127.6110      127.8801     101.341658       0.00000
  45     11.42       26.4829        0.3766      127.4479      127.8246     101.341658      -0.00000
  44     16.01       26.4051        0.5267      127.2201      127.7467     101.341658      -0.00000
  43     22.46       26.2958        0.7362      126.9012      127.6374     101.341658       0.00000
  42     31.51       26.1420        1.0284      126.4553      127.4837     101.341658       0.00000
  41     44.20       25.9253        1.4354      125.8315      127.2670     101.341658       0.00000
  40     62.00       25.6215        1.9966      124.9665      126.9631     101.341658      -0.00000
  39     85.78       25.2131        2.7340      123.8207      126.5547     101.341658       0.00000
  38     109.5       24.7949        3.4694      122.6672      126.1366     101.341658       0.00000
  37     133.1       24.3895        4.1642      121.5669      125.7311     101.341658       0.00000
  36     156.8       23.9922        4.8281      120.5057      125.3338     101.341658       0.00000
  35     180.6       23.5668        5.5207      119.3879      124.9085     101.341658      -0.00000
  34     202.8       23.1544        6.1749      118.3212      124.4961     101.341658       0.00000
  33     228.4       22.7308        6.8296      117.2429      124.0725     101.341658       0.00000
  32     252.2       22.3031        7.4734      116.1713      123.6447     101.341658       0.00000
  31     276.0       21.8773        8.0975      115.1215      123.2190     101.341658      -0.00000
  30     299.8       21.4452        8.7143      114.0726      122.7869     101.341658       0.00000
  29     323.5       21.0092        9.3203      113.0305      122.3508     101.341658      -0.00000
  28     347.3       20.5739        9.9091      112.0065      121.9156     101.341658       0.00000
  27     371.1       20.1412       10.4789      111.0040      121.4829     101.341658      -0.00000
  26     394.9       19.6995       11.0452      109.9960      121.0412     101.341658       0.00000
  25     418.6       19.2558       11.5986      108.9989      120.5975     101.341658      -0.00000
  24     442.4       18.8095       12.1402      108.0110      120.1512     101.341658       0.00000
  23     466.2       18.3591       12.6719      107.0288      119.7007     101.341658       0.00000
  22     489.9       17.9107       13.1866      106.0658      119.2524     101.341658       0.00000
  21     513.7       17.4567       13.6934      105.1050      118.7984     101.341658       0.00000
  20     537.5       17.0040       14.1847      104.1609      118.3456     101.341658      -0.00000
  19     561.3       16.5518       14.6618      103.2316      117.8934     101.341658       0.00000
  18     585.0       16.0902       15.1350      102.2969      117.4319     101.341658       0.00000
  17     608.8       15.6302       15.5931      101.3788      116.9719     101.341658      -0.00000
  16     632.6       15.1717       16.0367      100.4766      116.5133     101.341658       0.00000
  15     656.4       14.7051       16.4751       99.5716      116.0467     101.341658       0.00000
  14     680.1       14.2396       16.8996       98.6817      115.5813     101.341658       0.00000
  13     703.9       13.7753       17.3106       97.8064      115.1170     101.341658       0.00000
  12     727.7       13.3050       17.7144       96.9322      114.6467     101.341658      -0.00000
  11     751.5       12.8287       18.1111       96.0593      114.1704     101.341658       0.00000
  10     775.2       12.3521       18.4958       95.1980      113.6938     101.341658       0.00000
   9     799.0       11.8753       18.8688       94.3482      113.2170     101.341658       0.00000
   8     822.8       11.3905       19.2360       93.4962      112.7322     101.341658      -0.00000
   7     846.6       10.9036       19.5930       92.6523      112.2452     101.341658       0.00000
   6     870.4       10.4171       19.9381       91.8207      111.7588     101.341658       0.00000
   5     894.1        9.9310       20.2715       91.0012      111.2727     101.341658       0.00000
   4     917.9        9.4401       20.5971       90.1847      110.7817     101.341658      -0.00000
   3     941.7        8.9458       20.9137       89.3738      110.2875     101.341658       0.00000
   2     965.5        8.4519       21.2191       88.5745      109.7936     101.341658       0.00000
   1     989.2        7.9585       21.5136       87.7865      109.3002     101.341658       0.00000
   0    1013.0        7.4655       21.7974       87.0098      108.8072     101.341658       0.00000



 Wavenumbers: 29000. - 38000. cm-1, ATM      1
 LEVEL PRESSURE   UPWARD FLUX   DIFDOWN FLUX  DIRDOWN FLUX  DOWNWARD FLUX   NET FLUX    HEATING RATE
          mb          W/m2          W/m2          W/m2        W/m2          W/m2       degree/day
  60   .000300        6.9700        0.0000       45.1445       45.1445      38.174546       0.00000
  59    0.1000        6.9682        0.0028       45.1079       45.1107      38.142438       2.71778
  58    0.1403        6.9676        0.0039       45.0804       45.0843      38.116738       5.38175
  57    0.1968        6.9668        0.0055       45.0317       45.0372      38.070403       6.92093
  56    0.2760        6.9658        0.0077       44.9476       44.9553      37.989511       8.61939
  55    0.3871        6.9645        0.0108       44.8087       44.8195      37.855005      10.21708
  54    0.5430        6.9629        0.0149       44.5830       44.5979      37.634969      11.91096
  53    0.7617        6.9614        0.0205       44.2040       44.2245      37.263127      14.34853
  52     1.069        6.9602        0.0280       43.5790       43.6070      36.646832      16.95243
  51     1.499        6.9602        0.0377       42.6098       42.6475      35.687238      18.81980
  50     2.102        6.9636        0.0498       41.2164       41.2662      34.302617      19.35888
  49     2.949        6.9740        0.0656       39.4253       39.4909      32.516854      17.80098
  48     4.137        6.9963        0.0863       37.5137       37.6000      30.603716      13.59485
  47     5.803        7.0337        0.1140       35.6908       35.8047      28.771064       9.28388
  46     8.139        7.0864        0.1514       34.0210       34.1725      27.086068       6.08547
  45     11.42        7.1533        0.2025       32.5184       32.7209      25.567581       3.90955
  44     16.01        7.2359        0.2717       31.1314       31.4031      24.167192       2.57043
  43     22.46        7.3377        0.3659       29.8169       30.1828      22.845045       1.73008
  42     31.51        7.4514        0.4949       28.5965       29.0914      21.640038       1.12411
  41     44.20        7.5530        0.6742       27.4999       28.1740      20.621024       0.67768
  40     62.00        7.6271        0.9201       26.4648       27.3849      19.757814       0.40926
  39     85.78        7.6230        1.2460       25.5339       26.7799      19.156915       0.21329
  38     109.5        7.5550        1.5714       24.8057       26.3771      18.822113       0.11884
  37     133.1        7.4733        1.8732       24.1714       26.0445      18.571269       0.09008
  36     156.8        7.3850        2.1560       23.5940       25.7500      18.365049       0.07313
  35     180.6        7.2777        2.4472       23.0239       25.4711      18.193371       0.06095
  34     202.8        7.1604        2.7200       22.5134       25.2334      18.072991       0.04571
  33     228.4        7.0328        2.9891       22.0171       25.0062      17.973345       0.03288
  32     252.2        6.8994        3.2492       21.5381       24.7872      17.887872       0.03034
  31     276.0        6.7618        3.4973       21.0821       24.5794      17.817602       0.02494
  30     299.8        6.6181        3.7385       20.6377       24.3762      17.758121       0.02111
  29     323.5        6.4709        3.9707       20.2043       24.1750      17.704130       0.01916
  28     347.3        6.3220        4.1916       19.7856       23.9772      17.655214       0.01736
  27     371.1        6.1721        4.4010       19.3824       23.7835      17.611401       0.01555
  26     394.9        6.0173        4.6046       18.9835       23.5881      17.570794       0.01441
  25     418.6        5.8604        4.7991       18.5945       23.3936      17.533182       0.01335
  24     442.4        5.7013        4.9849       18.2146       23.1995      17.498231       0.01241
  23     466.2        5.5393        5.1628       17.8423       23.0052      17.465874       0.01149
  22     489.9        5.3768        5.3308       17.4823       22.8131      17.436278       0.01051
  21     513.7        5.2112        5.4918       17.1279       22.6197      17.408497       0.00986
  20     537.5        5.0451        5.6436       16.7840       22.4276      17.382538       0.00921
  19     561.3        4.8782        5.7867       16.4498       22.2364      17.358206       0.00864
  18     585.0        4.7071        5.9242       16.1177       22.0419      17.334791       0.00831
  17     608.8        4.5357        6.0531       15.7954       21.8484      17.312711       0.00784
  16     632.6        4.3641        6.1736       15.4824       21.6560      17.291865       0.00740
  15     656.4        4.1888        6.2884       15.1722       21.4606      17.271767       0.00713
  14     680.1        4.0133        6.3953       14.8707       21.2660      17.252757       0.00675
  13     703.9        3.8375        6.4946       14.5776       21.0722      17.234761       0.00639
  12     727.7        3.6588        6.5880       14.2882       20.8762      17.217463       0.00614
  11     751.5        3.4772        6.6755       14.0026       20.6780      17.200853       0.00590
  10     775.2        3.2949        6.7560       13.7240       20.4800      17.185100       0.00559
   9     799.0        3.1120        6.8299       13.4522       20.2821      17.170157       0.00530
   8     822.8        2.9255        6.8983       13.1829       20.0812      17.155707       0.00513
   7     846.6        2.7376        6.9604       12.9190       19.8794      17.141830       0.00493
   6     870.4        2.5495        7.0161       12.6620       19.6780      17.128567       0.00471
   5     894.1        2.3610        7.0655       12.4114       19.4769      17.115882       0.00450
   4     917.9        2.1702        7.1093       12.1646       19.2739      17.103626       0.00435
   3     941.7        1.9777        7.1474       11.9221       19.0695      17.091821       0.00419
   2     965.5        1.7850        7.1798       11.6857       18.8655      17.080546       0.00400
   1     989.2        1.5920        7.2065       11.4553       18.6618      17.069775       0.00382
   0    1013.0        1.3988        7.2277       11.2306       18.4583      17.059487       0.00365



 Wavenumbers: 38000. - 50000. cm-1, ATM      1
 LEVEL PRESSURE   UPWARD FLUX   DIFDOWN FLUX  DIRDOWN FLUX  DOWNWARD FLUX   NET FLUX    HEATING RATE
          mb          W/m2          W/m2          W/m2        W/m2          W/m2       degree/day
  60   .000300        0.0078        0.0000        2.7845        2.7845       2.776714       0.00000
  59    0.1000        0.0072        0.0006        2.7635        2.7641       2.756857       1.68073
  58    0.1403        0.0071        0.0009        2.7483        2.7491       2.742084       3.09366
  57    0.1968        0.0068        0.0012        2.7216        2.7228       2.716017       3.89344
  56    0.2760        0.0065        0.0016        2.6763        2.6779       2.671450       4.74892
  55    0.3871        0.0061        0.0022        2.6028        2.6050       2.598917       5.50960
  54    0.5430        0.0055        0.0028        2.4863        2.4891       2.483579       6.24342
  53    0.7617        0.0049        0.0035        2.2983        2.3018       2.296960       7.20122
  52     1.069        0.0041        0.0040        2.0067        2.0107       2.006652       7.98551
  51     1.499        0.0032        0.0041        1.6007        1.6047       1.601506       7.94581
  50     2.102        0.0024        0.0036        1.1167        1.1203       1.117888       6.76164
  49     2.949        0.0018        0.0028        0.6694        0.6723       0.670485       4.45984
  48     4.137        0.0013        0.0022        0.3786        0.3808       0.379442       2.06816
  47     5.803        0.0010        0.0017        0.2165        0.2181       0.217125       0.82227
  46     8.139        0.0007        0.0013        0.1255        0.1268       0.126050       0.32892
  45     11.42        0.0005        0.0010        0.0740        0.0750       0.074464       0.13281
  44     16.01        0.0004        0.0007        0.0424        0.0431       0.042738       0.05823
  43     22.46        0.0002        0.0005        0.0222        0.0227       0.022453       0.02654
  42     31.51        0.0001        0.0003        0.0104        0.0107       0.010589       0.01107
  41     44.20        0.0001        0.0001        0.0044        0.0046       0.004494       0.00405
  40     62.00        0.0000        0.0001        0.0016        0.0017       0.001637       0.00135
  39     85.78        0.0000        0.0000        0.0005        0.0005       0.000521       0.00040
  38     109.5        0.0000        0.0000        0.0002        0.0002       0.000179       0.00012
  37     133.1        0.0000        0.0000        0.0001        0.0001       0.000065       0.00004
  36     156.8        0.0000        0.0000        0.0000        0.0000       0.000024       0.00001
  35     180.6        0.0000        0.0000        0.0000        0.0000       0.000009       0.00001
  34     202.8        0.0000        0.0000        0.0000        0.0000       0.000004       0.00000
  33     228.4        0.0000        0.0000        0.0000        0.0000       0.000001       0.00000
  32     252.2        0.0000        0.0000        0.0000        0.0000       0.000001       0.00000
  31     276.0        0.0000        0.0000        0.0000        0.0000       0.000000       0.00000
  30     299.8        0.0000        0.0000        0.0000        0.0000       0.000000       0.00000
  29     323.5        0.0000        0.0000        0.0000        0.0000       0.000000       0.00000
  28     347.3        0.0000        0.0000        0.0000        0.0000       0.000000       0.00000
  27     371.1        0.0000        0.0000        0.0000        0.0000       0.000000       0.00000
  26     394.9        0.0000        0.0000        0.0000        0.0000       0.000000       0.00000
  25     418.6        0.0000        0.0000        0.0000        0.0000       0.000000       0.00000
  24     442.4        0.0000        0.0000        0.0000        0.0000       0.000000       0.00000
  23     466.2        0.0000        0.0000        0.0000        0.0000       0.000000       0.00000
  22     489.9        0.0000        0.0000        0.0000        0.0000       0.000000       0.00000
  21     513.7        0.0000        0.0000        0.0000        0.0000       0.000000       0.00000
  20     537.5        0.0000        0.0000        0.0000        0.0000       0.000000       0.00000
  19     561.3        0.0000        0.0000        0.0000        0.0000       0.000000       0.00000
  18     585.0        0.0000        0.0000        0.0000        0.0000       0.000000       0.00000
  17     608.8        0.0000        0.0000        0.0000        0.0000       0.000000       0.00000
  16     632.6        0.0000        0.0000        0.0000        0.0000       0.000000       0.00000
  15     656.4        0.0000        0.0000        0.0000        0.0000       0.000000       0.00000
  14     680.1        0.0000        0.0000        0.0000        0.0000       0.000000       0.00000
  13     703.9        0.0000        0.0000        0.0000        0.0000       0.000000       0.00000
  12     727.7        0.0000        0.0000        0.0000        0.0000       0.000000       0.00000
  11     751.5        0.0000        0.0000        0.0000        0.0000       0.000000       0.00000
  10     775.2        0.0000        0.0000        0.0000        0.0000       0.000000       0.00000
   9     799.0        0.0000        0.0000        0.0000        0.0000       0.000000       0.00000
   8     822.8        0.0000        0.0000        0.0000        0.0000       0.000000       0.00000
   7     846.6        0.0000        0.0000        0.0000        0.0000       0.000000       0.00000
   6     870.4        0.0000        0.0000        0.0000        0.0000       0.000000       0.00000
   5     894.1        0.0000        0.0000        0.0000        0.0000       0.000000       0.00000
   4     917.9        0.0000        0.0000        0.0000        0.0000       0.000000       0.00000
   3     941.7        0.0000        0.0000        0.0000        0.0000       0.000000       0.00000
   2     965.5        0.0000        0.0000        0.0000        0.0000       0.000000       0.00000
   1     989.2        0.0000        0.0000        0.0000        0.0000       0.000000       0.00000
   0    1013.0        0.0000        0.0000        0.0000        0.0000       0.000000       0.00000



 Wavenumbers:   820. -  2600. cm-1, ATM      1
 LEVEL PRESSURE   UPWARD FLUX   DIFDOWN FLUX  DIRDOWN FLUX  DOWNWARD FLUX   NET FLUX    HEATING RATE
          mb          W/m2          W/m2          W/m2        W/m2          W/m2       degree/day
  60   .000300        0.0744        0.0000       13.0254       13.0254      12.951037       0.00000
  59    0.1000        0.0744        0.0000       13.0126       13.0126      12.938200       1.08661
  58    0.1403        0.0744        0.0000       13.0101       13.0101      12.935729       0.51738
  57    0.1968        0.0744        0.0000       13.0067       13.0067      12.932276       0.51587
  56    0.2760        0.0744        0.0000       13.0021       13.0021      12.927707       0.48685
  55    0.3871        0.0744        0.0000       12.9963       12.9963      12.921851       0.44475
  54    0.5430        0.0744        0.0000       12.9890       12.9890      12.914566       0.39437
  53    0.7617        0.0744        0.0000       12.9796       12.9796      12.905170       0.36258
  52     1.069        0.0744        0.0000       12.9667       12.9667      12.892344       0.35279
  51     1.499        0.0744        0.0000       12.9491       12.9491      12.874745       0.34517
  50     2.102        0.0744        0.0000       12.9251       12.9251      12.850665       0.33667
  49     2.949        0.0744        0.0000       12.8915       12.8915      12.817143       0.33415
  48     4.137        0.0744        0.0000       12.8456       12.8456      12.771214       0.32637
  47     5.803        0.0744        0.0000       12.7843       12.7843      12.709869       0.31076
  46     8.139        0.0744        0.0000       12.7044       12.7044      12.629957       0.28861
  45     11.42        0.0744        0.0000       12.6008       12.6008      12.526418       0.26657
  44     16.01        0.0744        0.0000       12.4696       12.4696      12.395209       0.24084
  43     22.46        0.0744        0.0000       12.3216       12.3216      12.247169       0.19372
  42     31.51        0.0744        0.0000       12.1868       12.1868      12.112381       0.12574
  41     44.20        0.0744        0.0000       12.0844       12.0844      12.010002       0.06809
  40     62.00        0.0744        0.0000       11.9910       11.9910      11.916628       0.04427
  39     85.78        0.0744        0.0000       11.8772       11.8772      11.802814       0.04040
  38     109.5        0.0744        0.0000       11.7626       11.7626      11.688152       0.04070
  37     133.1        0.0744        0.0000       11.6522       11.6522      11.577755       0.03964
  36     156.8        0.0744        0.0000       11.5461       11.5461      11.471645       0.03763
  35     180.6        0.0744        0.0000       11.4255       11.4255      11.351119       0.04279
  34     202.8        0.0744        0.0000       11.2784       11.2784      11.204006       0.05586
  33     228.4        0.0744        0.0000       11.0821       11.0822      11.007710       0.06477
  32     252.2        0.0745        0.0000       10.8239       10.8239      10.749472       0.09166
  31     276.0        0.0745        0.0000       10.5215       10.5215      10.447052       0.10735
  30     299.8        0.0745        0.0000       10.1791       10.1791      10.104634       0.12154
  29     323.5        0.0745        0.0000        9.8494        9.8494       9.774845       0.11706
  28     347.3        0.0746        0.0000        9.5418        9.5418       9.467218       0.10919
  27     371.1        0.0747        0.0000        9.2346        9.2346       9.159961       0.10906
  26     394.9        0.0747        0.0000        8.8934        8.8935       8.818731       0.12112
  25     418.6        0.0748        0.0000        8.5269        8.5269       8.452101       0.13014
  24     442.4        0.0750        0.0000        8.1550        8.1550       8.080069       0.13206
  23     466.2        0.0751        0.0000        7.8103        7.8103       7.735239       0.12240
  22     489.9        0.0752        0.0000        7.5130        7.5130       7.437762       0.10559
  21     513.7        0.0754        0.0000        7.2641        7.2641       7.188677       0.08841
  20     537.5        0.0757        0.0000        7.0648        7.0649       6.989198       0.07081
  19     561.3        0.0759        0.0000        6.9028        6.9029       6.826929       0.05760
  18     585.0        0.0763        0.0000        6.7615        6.7616       6.685286       0.05028
  17     608.8        0.0766        0.0000        6.6304        6.6304       6.553785       0.04668
  16     632.6        0.0771        0.0000        6.4999        6.4999       6.422855       0.04647
  15     656.4        0.0776        0.0000        6.3614        6.3614       6.283806       0.04936
  14     680.1        0.0783        0.0000        6.2145        6.2146       6.136263       0.05237
  13     703.9        0.0791        0.0000        6.0601        6.0602       5.981112       0.05507
  12     727.7        0.0800        0.0000        5.8964        5.8965       5.816406       0.05846
  11     751.5        0.0813        0.0000        5.7214        5.7214       5.640107       0.06258
  10     775.2        0.0829        0.0000        5.5381        5.5381       5.455213       0.06563
   9     799.0        0.0850        0.0000        5.3480        5.3481       5.263045       0.06821
   8     822.8        0.0876        0.0000        5.1546        5.1546       5.067022       0.06958
   7     846.6        0.0906        0.0000        4.9727        4.9728       4.882139       0.06563
   6     870.4        0.0940        0.0000        4.8015        4.8015       4.707517       0.06198
   5     894.1        0.0979        0.0000        4.6374        4.6374       4.539545       0.05962
   4     917.9        0.1024        0.0000        4.4763        4.4764       4.373948       0.05878
   3     941.7        0.1078        0.0000        4.3159        4.3160       4.208177       0.05884
   2     965.5        0.1142        0.0000        4.1558        4.1558       4.041575       0.05914
   1     989.2        0.1221        0.0000        3.9947        3.9948       3.872712       0.05993
   0    1013.0        0.1318        0.0000        3.8325        3.8325       3.700667       0.06108

  Modules and versions used in this calculation:

       rrtmg_sw.1col.f90:  $Revision$                    rrtmg_sw_init.f90:  $Revision$        
     rrtmgsw_cldprop.f90:  $Revision$                  rrtmgsw_cldprmc.f90:  NOT USED          
     rrtmg_sw_reftra.f90:  $Revision$                  rrtmg_sw_spcvrt.f90:  NOT USED          
     rrtmg_sw_spcvmc.f90:  NOT USED                    rrtmgsw_setcoef.f90:  NOT USED          
     rrtmg_sw_taumol.f90:  $Revision$                  rrtmg_sw_vrtqdr.f90:  NOT USED          
                rrtatm.f:  NOT USED                             util_xxx.f:  NOT USED          
                 extra.f:  NOT USED                       rrtmg_sw_k_g.f90:  $Revision$        

