

 Wavenumbers:   820. - 50000. cm-1, ATM      1
 LEVEL PRESSURE   UPWARD FLUX   DIFDOWN FLUX  DIRDOWN FLUX  DOWNWARD FLUX   NET FLUX    HEATING RATE
          mb          W/m2          W/m2          W/m2        W/m2          W/m2       degree/day
  51    .06700      381.5823        0.0000      617.8126      617.8126     236.230314       0.00000
  50    .07753      381.5819        0.0013      617.7947      617.7961     236.214178      12.93290
  49    .09103      381.5814        0.0030      617.7778      617.7808     236.199375       9.25240
  48    0.1069      381.5809        0.0050      617.7581      617.7630     236.182122       9.18374
  47    0.1255      381.5804        0.0072      617.7340      617.7412     236.160789       9.67145
  46    0.1487      381.5797        0.0100      617.7009      617.7109     236.131120      10.81463
  45    0.1794      381.5790        0.0138      617.6521      617.6659     236.086915      12.13529
  44    0.2165      381.5782        0.0183      617.5895      617.6078     236.029629      13.03161
  43    0.2613      381.5774        0.0236      617.5089      617.5325     235.955163      14.03642
  42    0.3336      381.5764        0.0324      617.3641      617.3965     235.820168      15.73916
  41    0.4307      381.5754        0.0440      617.1591      617.2031     235.627679      16.73650
  40    0.5894      381.5749        0.0626      616.8005      616.8631     235.288242      18.05081
  39     1.339      381.5896        0.1469      614.9443      615.0911     233.501497      20.11551
  38     1.782      381.6105        0.1943      613.9670      614.1613     232.550827      18.09922
  37     2.292      381.6456        0.2482      613.0059      613.2541     231.608526      15.60696
  36     5.035      381.7508        0.3401      611.5124      611.8526     230.101795       4.63581
  35     6.613      381.9787        0.5024      609.6144      610.1168     228.138071      10.49808
  34     8.786      382.2762        0.7201      607.8253      608.5454     226.269238       7.25787
  33     11.80      382.6610        1.0296      605.8783      606.9079     224.246899       5.66191
  32     15.07      383.0266        1.3594      604.1777      605.5371     222.510510       4.48302
  31     18.79      383.3971        1.7302      602.5196      604.2498     220.852674       3.75883
  30     23.16      383.7807        2.1608      600.8127      602.9734     219.192717       3.20982
  29     28.12      384.1619        2.6507      599.0712      601.7218     217.559943       2.77561
  28     33.73      384.5041        3.1966      597.3500      600.5466     216.042538       2.28146
  27     40.54      384.8192        3.8536      595.5035      599.3571     214.537922       1.86665
  26     48.69      385.1038        4.6418      593.4958      598.1376     213.033755       1.55658
  25     57.69      385.3240        5.5032      591.4872      596.9904     211.666421       1.28167
  24     68.43      385.4858        6.5234      589.2939      595.8173     210.331523       1.04941
  23     81.20      385.5389        7.7327      586.9289      594.6616     209.122735       0.79875
  22     96.49      385.4727        9.1642      584.3423      593.5065     208.033888       0.60096
  21     114.6      385.3451       10.8482      581.4033      592.2514     206.906324       0.52649
  20     136.5      385.1507       12.8195      578.0541      590.8736     205.722875       0.45506
  19     162.9      384.8822       15.1323      574.1654      589.2977     204.415492       0.41789
  18     196.4      384.4488       18.0809      569.1760      587.2569     202.808120       0.40459
  17     218.7      384.1356       19.9869      565.6314      585.6183     201.482644       0.50323
  16     243.0      383.7854       22.0307      561.3129      583.3437     199.558235       0.66745
  15     269.0      383.3969       24.2138      555.9478      580.1616     196.764657       0.90622
  14     297.5      382.9714       26.5365      549.5394      576.0760     193.104578       1.08554
  13     328.5      382.5158       29.0054      542.6225      571.6279     189.112089       1.08555
  12     361.9      382.0327       31.6164      535.1469      566.7633     184.730601       1.10856
  11     398.1      381.5246       34.3740      526.9326      561.3066     179.782086       1.15289
  10     437.6      380.9987       37.2767      517.8921      555.1689     174.170163       1.19986
   9     480.5      380.4612       40.3225      508.2121      548.5346     168.073391       1.19738
   8     533.0      379.8473       43.9831      496.3783      540.3614     160.514083       1.21605
   7     589.8      379.2687       47.8230      483.5433      531.3662     152.097563       1.24929
   6     651.6      378.8050       51.8297      469.1414      520.9711     142.166149       1.35815
   5     718.7      378.5393       55.9950      453.6623      509.6573     131.117974       1.38845
   4     792.3      378.6678       60.2974      436.9145      497.2119     118.544122       1.44208
   3     825.4      379.7686       65.8590      414.6773      480.5364     100.767720       4.53733
   2     858.4      381.2009       71.1161      397.4377      468.5538      87.352901       3.42437
   1     891.5      383.0094       76.0924      382.9167      459.0091      75.999681       2.89899
   0    1013.0      387.8068       81.7643      364.4894      446.2537      58.446943       1.21878



 Wavenumbers:  2600. -  3250. cm-1, ATM      1
 LEVEL PRESSURE   UPWARD FLUX   DIFDOWN FLUX  DIRDOWN FLUX  DOWNWARD FLUX   NET FLUX    HEATING RATE
          mb          W/m2          W/m2          W/m2        W/m2          W/m2       degree/day
  51    .06700        0.8980        0.0000        5.4450        5.4450       4.547035       0.00000
  50    .07753        0.8980        0.0000        5.4450        5.4450       4.547027       0.00640
  49    .09103        0.8980        0.0000        5.4450        5.4450       4.547017       0.00627
  48    0.1069        0.8980        0.0000        5.4450        5.4450       4.547006       0.00613
  47    0.1255        0.8980        0.0000        5.4450        5.4450       4.546993       0.00599
  46    0.1487        0.8980        0.0000        5.4450        5.4450       4.546976       0.00608
  45    0.1794        0.8980        0.0000        5.4450        5.4450       4.546953       0.00625
  44    0.2165        0.8980        0.0000        5.4449        5.4449       4.546926       0.00612
  43    0.2613        0.8980        0.0000        5.4449        5.4449       4.546895       0.00600
  42    0.3336        0.8980        0.0000        5.4448        5.4448       4.546842       0.00617
  41    0.4307        0.8980        0.0000        5.4448        5.4448       4.546770       0.00620
  40    0.5894        0.8980        0.0000        5.4446        5.4446       4.546651       0.00637
  39     1.339        0.8980        0.0000        5.4439        5.4439       4.545943       0.00797
  38     1.782        0.8980        0.0000        5.4434        5.4434       4.545400       0.01034
  37     2.292        0.8980        0.0000        5.4427        5.4427       4.544684       0.01186
  36     5.035        0.8980        0.0000        5.4412        5.4412       4.543158       0.00470
  35     6.613        0.8980        0.0000        5.4381        5.4381       4.540081       0.01645
  34     8.786        0.8980        0.0000        5.4341        5.4341       4.536074       0.01556
  33     11.80        0.8980        0.0000        5.4288        5.4288       4.530829       0.01469
  32     15.07        0.8980        0.0000        5.4239        5.4239       4.525904       0.01272
  31     18.79        0.8980        0.0000        5.4191        5.4192       4.521161       0.01075
  30     23.16        0.8980        0.0000        5.4144        5.4144       4.516415       0.00918
  29     28.12        0.8980        0.0000        5.4096        5.4096       4.511586       0.00821
  28     33.73        0.8980        0.0000        5.4042        5.4042       4.506228       0.00806
  27     40.54        0.8980        0.0000        5.3972        5.3972       4.499212       0.00870
  26     48.69        0.8980        0.0000        5.3877        5.3877       4.489691       0.00985
  25     57.69        0.8980        0.0000        5.3759        5.3759       4.477878       0.01107
  24     68.43        0.8980        0.0000        5.3604        5.3604       4.462359       0.01220
  23     81.20        0.8980        0.0000        5.3405        5.3405       4.442486       0.01313
  22     96.49        0.8981        0.0000        5.3159        5.3159       4.417870       0.01359
  21     114.6        0.8981        0.0000        5.2857        5.2857       4.387611       0.01413
  20     136.5        0.8981        0.0001        5.2507        5.2508       4.352627       0.01345
  19     162.9        0.8982        0.0001        5.2113        5.2114       4.313188       0.01261
  18     196.4        0.8983        0.0001        5.1642        5.1643       4.265960       0.01189
  17     218.7        0.8985        0.0001        5.1333        5.1333       4.234863       0.01181
  16     243.0        0.8987        0.0001        5.0963        5.0964       4.197691       0.01289
  15     269.0        0.8991        0.0001        5.0512        5.0513       4.152147       0.01477
  14     297.5        0.8997        0.0001        4.9957        4.9958       4.096044       0.01664
  13     328.5        0.9006        0.0001        4.9304        4.9305       4.029977       0.01796
  12     361.9        0.9017        0.0001        4.8511        4.8513       3.949588       0.02034
  11     398.1        0.9032        0.0001        4.7507        4.7509       3.847675       0.02374
  10     437.6        0.9052        0.0002        4.6221        4.6222       3.717016       0.02794
   9     480.5        0.9079        0.0002        4.4625        4.4627       3.554772       0.03186
   8     533.0        0.9121        0.0002        4.2461        4.2462       3.334110       0.03550
   7     589.8        0.9183        0.0002        3.9954        3.9956       3.077274       0.03812
   6     651.6        0.9280        0.0002        3.7089        3.7091       2.781049       0.04051
   5     718.7        0.9428        0.0002        3.4018        3.4020       2.459256       0.04044
   4     792.3        0.9664        0.0002        3.0564        3.0566       2.090217       0.04232
   3     825.4        1.0166        0.0002        2.5932        2.5934       1.576815       0.13104
   2     858.4        1.0741        0.0002        2.2823        2.2825       1.208403       0.09404
   1     891.5        1.1406        0.0002        2.0526        2.0528       0.912164       0.07564
   0    1013.0        1.2837        0.0002        1.7584        1.7585       0.474807       0.03037



 Wavenumbers:  3250. -  4000. cm-1, ATM      1
 LEVEL PRESSURE   UPWARD FLUX   DIFDOWN FLUX  DIRDOWN FLUX  DOWNWARD FLUX   NET FLUX    HEATING RATE
          mb          W/m2          W/m2          W/m2        W/m2          W/m2       degree/day
  51    .06700        0.0005        0.0000        9.1795        9.1795       9.179069       0.00000
  50    .07753        0.0005        0.0000        9.1747        9.1747       9.174226       3.88162
  49    .09103        0.0005        0.0000        9.1713        9.1713       9.170838       2.11758
  48    0.1069        0.0005        0.0000        9.1688        9.1688       9.168313       1.34411
  47    0.1255        0.0005        0.0000        9.1665        9.1665       9.166053       1.02430
  46    0.1487        0.0005        0.0000        9.1641        9.1641       9.163612       0.88998
  45    0.1794        0.0005        0.0000        9.1612        9.1612       9.160733       0.79014
  44    0.2165        0.0005        0.0000        9.1583        9.1583       9.157813       0.66436
  43    0.2613        0.0005        0.0000        9.1553        9.1553       9.154840       0.56046
  42    0.3336        0.0005        0.0000        9.1511        9.1511       9.150660       0.48727
  41    0.4307        0.0005        0.0000        9.1464        9.1464       9.145892       0.41463
  40    0.5894        0.0005        0.0000        9.1393        9.1393       9.138885       0.37258
  39     1.339        0.0005        0.0000        9.1127        9.1127       9.112270       0.29965
  38     1.782        0.0005        0.0000        9.1011        9.1011       9.100680       0.22064
  37     2.292        0.0005        0.0000        9.0901        9.0901       9.089613       0.18331
  36     5.035        0.0005        0.0000        9.0731        9.0731       9.072681       0.05210
  35     6.613        0.0005        0.0000        9.0438        9.0439       9.043400       0.15653
  34     8.786        0.0005        0.0000        9.0058        9.0058       9.005314       0.14791
  33     11.80        0.0004        0.0000        8.9509        8.9509       8.950444       0.15362
  32     15.07        0.0004        0.0000        8.8914        8.8914       8.890965       0.15356
  31     18.79        0.0004        0.0000        8.8241        8.8242       8.823730       0.15244
  30     23.16        0.0004        0.0000        8.7473        8.7474       8.746918       0.14853
  29     28.12        0.0004        0.0000        8.6639        8.6640       8.663536       0.14174
  28     33.73        0.0004        0.0000        8.5784        8.5784       8.578025       0.12857
  27     40.54        0.0004        0.0001        8.4859        8.4860       8.485552       0.11472
  26     48.69        0.0004        0.0001        8.3873        8.3873       8.386928       0.10206
  25     57.69        0.0004        0.0001        8.2887        8.2888       8.288379       0.09238
  24     68.43        0.0004        0.0001        8.1771        8.1772       8.176862       0.08767
  23     81.20        0.0004        0.0001        8.0474        8.0475       8.047141       0.08572
  22     96.49        0.0003        0.0001        7.8963        7.8965       7.896129       0.08335
  21     114.6        0.0003        0.0001        7.7173        7.7174       7.717119       0.08358
  20     136.5        0.0003        0.0002        7.5201        7.5203       7.520004       0.07580
  19     162.9        0.0003        0.0002        7.2919        7.2921       7.291875       0.07292
  18     196.4        0.0002        0.0002        6.9664        6.9666       6.966366       0.08193
  17     218.7        0.0002        0.0002        6.6650        6.6652       6.665019       0.11441
  16     243.0        0.0002        0.0002        6.2620        6.2622       6.262059       0.13976
  15     269.0        0.0002        0.0003        5.7575        5.7578       5.757612       0.16364
  14     297.5        0.0001        0.0002        5.1717        5.1720       5.171815       0.17374
  13     328.5        0.0001        0.0002        4.5755        4.5757       4.575583       0.16211
  12     361.9        0.0001        0.0002        3.9992        3.9995       3.999351       0.14579
  11     398.1        0.0001        0.0002        3.4651        3.4653       3.465253       0.12443
  10     437.6        0.0001        0.0002        2.9736        2.9738       2.973782       0.10508
   9     480.5        0.0001        0.0002        2.5303        2.5305       2.530406       0.08708
   8     533.0        0.0000        0.0002        2.0610        2.0612       2.061132       0.07549
   7     589.8        0.0000        0.0002        1.6146        1.6148       1.614752       0.06626
   6     651.6        0.0000        0.0001        1.1562        1.1563       1.156288       0.06270
   5     718.7        0.0000        0.0001        0.7388        0.7389       0.738897       0.05245
   4     792.3        0.0000        0.0001        0.3984        0.3984       0.398402       0.03905
   3     825.4        0.0000        0.0000        0.1191        0.1192       0.119162       0.07127
   2     858.4        0.0000        0.0000        0.0346        0.0346       0.034602       0.02159
   1     891.5        0.0001        0.0000        0.0096        0.0096       0.009544       0.00640
   0    1013.0        0.0006        0.0000        0.0008        0.0008       0.000214       0.00065



 Wavenumbers:  4000. -  4650. cm-1, ATM      1
 LEVEL PRESSURE   UPWARD FLUX   DIFDOWN FLUX  DIRDOWN FLUX  DOWNWARD FLUX   NET FLUX    HEATING RATE
          mb          W/m2          W/m2          W/m2        W/m2          W/m2       degree/day
  51    .06700        4.1444        0.0000       10.7795       10.7795       6.635125       0.00000
  50    .07753        4.1444        0.0000       10.7795       10.7795       6.635124       0.00080
  49    .09103        4.1444        0.0000       10.7795       10.7795       6.635123       0.00078
  48    0.1069        4.1444        0.0000       10.7795       10.7795       6.635121       0.00076
  47    0.1255        4.1444        0.0000       10.7795       10.7795       6.635120       0.00075
  46    0.1487        4.1444        0.0000       10.7795       10.7795       6.635117       0.00076
  45    0.1794        4.1444        0.0000       10.7795       10.7795       6.635115       0.00078
  44    0.2165        4.1444        0.0000       10.7795       10.7795       6.635111       0.00076
  43    0.2613        4.1444        0.0000       10.7795       10.7795       6.635107       0.00075
  42    0.3336        4.1444        0.0000       10.7795       10.7795       6.635101       0.00077
  41    0.4307        4.1444        0.0000       10.7795       10.7795       6.635092       0.00077
  40    0.5894        4.1444        0.0000       10.7795       10.7795       6.635077       0.00080
  39     1.339        4.1444        0.0000       10.7794       10.7794       6.634988       0.00101
  38     1.782        4.1444        0.0000       10.7793       10.7793       6.634918       0.00133
  37     2.292        4.1444        0.0000       10.7792       10.7792       6.634824       0.00156
  36     5.035        4.1444        0.0000       10.7790       10.7790       6.634616       0.00064
  35     6.613        4.1444        0.0000       10.7785       10.7786       6.634163       0.00242
  34     8.786        4.1444        0.0000       10.7779       10.7779       6.633496       0.00259
  33     11.80        4.1444        0.0000       10.7768       10.7768       6.632447       0.00294
  32     15.07        4.1444        0.0001       10.7755       10.7756       6.631217       0.00318
  31     18.79        4.1444        0.0001       10.7740       10.7741       6.629730       0.00337
  30     23.16        4.1444        0.0001       10.7722       10.7723       6.627884       0.00357
  29     28.12        4.1444        0.0001       10.7699       10.7700       6.625650       0.00380
  28     33.73        4.1444        0.0001       10.7671       10.7673       6.622897       0.00414
  27     40.54        4.1444        0.0002       10.7633       10.7635       6.619165       0.00463
  26     48.69        4.1444        0.0002       10.7583       10.7585       6.614194       0.00514
  25     57.69        4.1444        0.0002       10.7524       10.7527       6.608305       0.00552
  24     68.43        4.1444        0.0003       10.7450       10.7453       6.600930       0.00580
  23     81.20        4.1444        0.0004       10.7359       10.7363       6.591857       0.00600
  22     96.49        4.1444        0.0004       10.7249       10.7253       6.580827       0.00609
  21     114.6        4.1445        0.0005       10.7111       10.7116       6.567050       0.00643
  20     136.5        4.1447        0.0006       10.6945       10.6951       6.550471       0.00637
  19     162.9        4.1449        0.0007       10.6744       10.6751       6.530173       0.00649
  18     196.4        4.1453        0.0009       10.6467       10.6475       6.502217       0.00704
  17     218.7        4.1457        0.0010       10.6258       10.6267       6.480969       0.00807
  16     243.0        4.1464        0.0011       10.5983       10.5994       6.452970       0.00971
  15     269.0        4.1475        0.0012       10.5613       10.5625       6.415033       0.01231
  14     297.5        4.1491        0.0013       10.5122       10.5135       6.364368       0.01503
  13     328.5        4.1513        0.0014       10.4501       10.4515       6.300161       0.01746
  12     361.9        4.1543        0.0016       10.3704       10.3719       6.217625       0.02088
  11     398.1        4.1579        0.0017       10.2679       10.2696       6.111686       0.02468
  10     437.6        4.1625        0.0018       10.1391       10.1410       5.978488       0.02848
   9     480.5        4.1680        0.0020        9.9878        9.9898       5.821781       0.03078
   8     533.0        4.1761        0.0022        9.7937        9.7959       5.619801       0.03249
   7     589.8        4.1872        0.0024        9.5752        9.5776       5.390373       0.03405
   6     651.6        4.2036        0.0026        9.2958        9.2984       5.094748       0.04043
   5     718.7        4.2286        0.0028        8.9267        8.9295       4.700926       0.04949
   4     792.3        4.2687        0.0029        8.4542        8.4572       4.188502       0.05877
   3     825.4        4.3549        0.0031        7.8102        7.8133       3.458408       0.18635
   2     858.4        4.4526        0.0033        7.3845        7.3878       2.935270       0.13354
   1     891.5        4.5641        0.0035        7.0535        7.0570       2.492831       0.11297
   0    1013.0        4.8064        0.0037        6.5805        6.5842       1.777722       0.04965



 Wavenumbers:  4650. -  5150. cm-1, ATM      1
 LEVEL PRESSURE   UPWARD FLUX   DIFDOWN FLUX  DIRDOWN FLUX  DOWNWARD FLUX   NET FLUX    HEATING RATE
          mb          W/m2          W/m2          W/m2        W/m2          W/m2       degree/day
  51    .06700        2.8300        0.0000       10.2033       10.2033       7.373377       0.00000
  50    .07753        2.8300        0.0000       10.2031       10.2031       7.373141       0.18901
  49    .09103        2.8300        0.0000       10.2028       10.2028       7.372846       0.18428
  48    0.1069        2.8300        0.0000       10.2025       10.2025       7.372509       0.17931
  47    0.1255        2.8300        0.0000       10.2021       10.2021       7.372125       0.17426
  46    0.1487        2.8300        0.0000       10.2016       10.2016       7.371644       0.17536
  45    0.1794        2.8300        0.0000       10.2010       10.2010       7.370994       0.17850
  44    0.2165        2.8300        0.0000       10.2002       10.2002       7.370234       0.17277
  43    0.2613        2.8300        0.0000       10.1993       10.1993       7.369349       0.16690
  42    0.3336        2.8300        0.0000       10.1979       10.1979       7.367916       0.16702
  41    0.4307        2.8300        0.0000       10.1960       10.1960       7.366076       0.16002
  40    0.5894        2.8300        0.0000       10.1932       10.1932       7.363202       0.15283
  39     1.339        2.8300        0.0000       10.1816       10.1816       7.351611       0.13050
  38     1.782        2.8300        0.0000       10.1760       10.1760       7.346082       0.10526
  37     2.292        2.8300        0.0000       10.1706       10.1706       7.340626       0.09037
  36     5.035        2.8300        0.0000       10.1630       10.1630       7.333041       0.02334
  35     6.613        2.8299        0.0000       10.1533       10.1533       7.323339       0.05187
  34     8.786        2.8299        0.0000       10.1442       10.1442       7.314257       0.03527
  33     11.80        2.8299        0.0001       10.1340       10.1341       7.304131       0.02835
  32     15.07        2.8299        0.0001       10.1237       10.1238       7.293887       0.02645
  31     18.79        2.8299        0.0001       10.1115       10.1117       7.281724       0.02758
  30     23.16        2.8299        0.0001       10.0961       10.0962       7.266314       0.02980
  29     28.12        2.8299        0.0002       10.0769       10.0770       7.247112       0.03264
  28     33.73        2.8299        0.0002       10.0536       10.0538       7.223894       0.03491
  27     40.54        2.8300        0.0002       10.0235       10.0238       7.193834       0.03729
  26     48.69        2.8300        0.0003        9.9852        9.9855       7.155467       0.03970
  25     57.69        2.8300        0.0004        9.9414        9.9417       7.111711       0.04101
  24     68.43        2.8301        0.0004        9.8884        9.8888       7.058726       0.04165
  23     81.20        2.8302        0.0005        9.8258        9.8263       6.996053       0.04141
  22     96.49        2.8304        0.0006        9.7537        9.7543       6.923937       0.03980
  21     114.6        2.8306        0.0007        9.6735        9.6742       6.843594       0.03751
  20     136.5        2.8309        0.0008        9.5870        9.5878       6.756902       0.03333
  19     162.9        2.8314        0.0010        9.4949        9.4959       6.664491       0.02954
  18     196.4        2.8322        0.0012        9.3889        9.3901       6.557869       0.02684
  17     218.7        2.8328        0.0013        9.3234        9.3247       6.491879       0.02505
  16     243.0        2.8337        0.0015        9.2524        9.2538       6.420118       0.02489
  15     269.0        2.8349        0.0016        9.1720        9.1736       6.338657       0.02643
  14     297.5        2.8367        0.0018        9.0765        9.0783       6.241585       0.02879
  13     328.5        2.8391        0.0019        8.9652        8.9671       6.128020       0.03088
  12     361.9        2.8422        0.0021        8.8351        8.8372       5.995015       0.03365
  11     398.1        2.8462        0.0023        8.6822        8.6845       5.838235       0.03653
  10     437.6        2.8515        0.0025        8.5030        8.5054       5.653943       0.03940
   9     480.5        2.8582        0.0026        8.2950        8.2976       5.439352       0.04214
   8     533.0        2.8685        0.0029        8.0210        8.0239       5.155388       0.04568
   7     589.8        2.8825        0.0031        7.7064        7.7095       4.826985       0.04875
   6     651.6        2.9028        0.0033        7.3413        7.3446       4.441740       0.05268
   5     718.7        2.9323        0.0034        6.9387        6.9422       4.009818       0.05428
   4     792.3        2.9762        0.0036        6.5066        6.5102       3.534015       0.05457
   3     825.4        3.0620        0.0038        5.9472        5.9509       2.888899       0.16466
   2     858.4        3.1596        0.0040        5.5253        5.5293       2.369702       0.13253
   1     891.5        3.2718        0.0042        5.1855        5.1897       1.917839       0.11538
   0    1013.0        3.4847        0.0043        4.7692        4.7735       1.288845       0.04367



 Wavenumbers:  5150. -  6150. cm-1, ATM      1
 LEVEL PRESSURE   UPWARD FLUX   DIFDOWN FLUX  DIRDOWN FLUX  DOWNWARD FLUX   NET FLUX    HEATING RATE
          mb          W/m2          W/m2          W/m2        W/m2          W/m2       degree/day
  51    .06700        7.7868        0.0000       25.5798       25.5798      17.793031       0.00000
  50    .07753        7.7868        0.0000       25.5798       25.5798      17.792991       0.03159
  49    .09103        7.7868        0.0000       25.5797       25.5797      17.792940       0.03207
  48    0.1069        7.7868        0.0000       25.5797       25.5797      17.792879       0.03258
  47    0.1255        7.7868        0.0000       25.5796       25.5796      17.792806       0.03308
  46    0.1487        7.7868        0.0000       25.5795       25.5795      17.792710       0.03485
  45    0.1794        7.7868        0.0000       25.5794       25.5794      17.792575       0.03710
  44    0.2165        7.7868        0.0000       25.5792       25.5792      17.792409       0.03766
  43    0.2613        7.7868        0.0000       25.5790       25.5790      17.792207       0.03824
  42    0.3336        7.7868        0.0000       25.5786       25.5786      17.791860       0.04040
  41    0.4307        7.7868        0.0000       25.5782       25.5782      17.791389       0.04094
  40    0.5894        7.7868        0.0000       25.5774       25.5774      17.790600       0.04195
  39     1.339        7.7868        0.0000       25.5735       25.5736      17.786800       0.04278
  38     1.782        7.7868        0.0001       25.5713       25.5714      17.784588       0.04212
  37     2.292        7.7868        0.0001       25.5688       25.5688      17.782084       0.04147
  36     5.035        7.7868        0.0001       25.5647       25.5647      17.777994       0.01259
  35     6.613        7.7867        0.0001       25.5576       25.5578      17.771024       0.03726
  34     8.786        7.7867        0.0002       25.5485       25.5487      17.761996       0.03506
  33     11.80        7.7867        0.0003       25.5362       25.5365      17.749790       0.03417
  32     15.07        7.7867        0.0004       25.5239       25.5243      17.737556       0.03158
  31     18.79        7.7867        0.0005       25.5110       25.5115      17.724774       0.02898
  30     23.16        7.7867        0.0006       25.4971       25.4977      17.711015       0.02661
  29     28.12        7.7867        0.0008       25.4824       25.4832      17.696517       0.02465
  28     33.73        7.7867        0.0010       25.4676       25.4685      17.681840       0.02207
  27     40.54        7.7867        0.0012       25.4514       25.4525      17.665812       0.01988
  26     48.69        7.7868        0.0014       25.4341       25.4355      17.648676       0.01773
  25     57.69        7.7869        0.0017       25.4169       25.4186      17.631693       0.01592
  24     68.43        7.7870        0.0020       25.3983       25.4003      17.613285       0.01447
  23     81.20        7.7872        0.0024       25.3779       25.3802      17.593069       0.01336
  22     96.49        7.7874        0.0028       25.3550       25.3578      17.570395       0.01251
  21     114.6        7.7877        0.0034       25.3288       25.3321      17.544451       0.01211
  20     136.5        7.7880        0.0040       25.2983       25.3023      17.514326       0.01158
  19     162.9        7.7884        0.0047       25.2537       25.2585      17.470005       0.01417
  18     196.4        7.7891        0.0057       25.1601       25.1659      17.376799       0.02346
  17     218.7        7.7895        0.0064       25.0164       25.0227      17.233181       0.05453
  16     243.0        7.7901        0.0070       24.7092       24.7162      16.926124       0.10650
  15     269.0        7.7908        0.0076       24.1621       24.1697      16.378910       0.17751
  14     297.5        7.7918        0.0082       23.4546       23.4628      15.671035       0.20995
  13     328.5        7.7931        0.0089       22.7357       22.7446      14.951482       0.19564
  12     361.9        7.7947        0.0095       21.9226       21.9321      14.137481       0.20595
  11     398.1        7.7967        0.0101       20.9941       21.0042      13.207555       0.21665
  10     437.6        7.7993        0.0107       19.9835       19.9942      12.194925       0.21651
   9     480.5        7.8027        0.0113       18.9485       18.9597      11.157079       0.20383
   8     533.0        7.8079        0.0119       17.7798       17.7917       9.983759       0.18875
   7     589.8        7.8156        0.0126       16.6727       16.6853       8.869652       0.16537
   6     651.6        7.8283        0.0132       15.6344       15.6477       7.819351       0.14363
   5     718.7        7.8491        0.0140       14.7739       14.7879       6.938815       0.11066
   4     792.3        7.8846        0.0148       14.0292       14.0440       6.159426       0.08939
   3     825.4        7.9640        0.0159       13.1061       13.1220       5.157960       0.25562
   2     858.4        8.0521        0.0170       12.4796       12.4967       4.444522       0.18212
   1     891.5        8.1524        0.0182       12.0292       12.0475       3.895032       0.14031
   0    1013.0        8.3906        0.0196       11.4744       11.4939       3.103366       0.05497



 Wavenumbers:  6150. -  7700. cm-1, ATM      1
 LEVEL PRESSURE   UPWARD FLUX   DIFDOWN FLUX  DIRDOWN FLUX  DOWNWARD FLUX   NET FLUX    HEATING RATE
          mb          W/m2          W/m2          W/m2        W/m2          W/m2       degree/day
  51    .06700       11.0292        0.0000       47.3109       47.3109      36.281656       0.00000
  50    .07753       11.0292        0.0000       47.3108       47.3108      36.281599       0.04553
  49    .09103       11.0292        0.0000       47.3107       47.3107      36.281526       0.04583
  48    0.1069       11.0292        0.0000       47.3106       47.3106      36.281439       0.04614
  47    0.1255       11.0292        0.0000       47.3105       47.3105      36.281337       0.04645
  46    0.1487       11.0292        0.0000       47.3104       47.3104      36.281204       0.04852
  45    0.1794       11.0292        0.0000       47.3102       47.3102      36.281017       0.05127
  44    0.2165       11.0292        0.0000       47.3100       47.3100      36.280790       0.05167
  43    0.2613       11.0292        0.0000       47.3097       47.3097      36.280514       0.05210
  42    0.3336       11.0292        0.0000       47.3092       47.3092      36.280044       0.05471
  41    0.4307       11.0292        0.0000       47.3085       47.3086      36.279409       0.05521
  40    0.5894       11.0292        0.0001       47.3074       47.3075      36.278350       0.05633
  39     1.339       11.0291        0.0002       47.3022       47.3023      36.273258       0.05733
  38     1.782       11.0291        0.0002       47.2991       47.2993      36.270288       0.05655
  37     2.292       11.0290        0.0003       47.2956       47.2959      36.266912       0.05591
  36     5.035       11.0289        0.0004       47.2899       47.2903      36.261336       0.01715
  35     6.613       11.0288        0.0006       47.2800       47.2806      36.251761       0.05119
  34     8.786       11.0286        0.0008       47.2670       47.2678      36.239218       0.04871
  33     11.80       11.0283        0.0012       47.2491       47.2503      36.221982       0.04826
  32     15.07       11.0281        0.0016       47.2308       47.2324      36.204358       0.04550
  31     18.79       11.0277        0.0021       47.2112       47.2133      36.185524       0.04270
  30     23.16       11.0273        0.0026       47.1895       47.1921      36.164749       0.04017
  29     28.12       11.0269        0.0032       47.1661       47.1693      36.142349       0.03808
  28     33.73       11.0264        0.0039       47.1416       47.1454      36.119013       0.03509
  27     40.54       11.0258        0.0047       47.1141       47.1188      36.092926       0.03236
  26     48.69       11.0251        0.0057       47.0837       47.0893      36.064193       0.02973
  25     57.69       11.0244        0.0067       47.0527       47.0595      36.035105       0.02727
  24     68.43       11.0234        0.0080       47.0183       47.0263      36.002875       0.02534
  23     81.20       11.0223        0.0096       46.9796       46.9892      35.966863       0.02380
  22     96.49       11.0210        0.0114       46.9356       46.9470      35.925977       0.02257
  21     114.6       11.0194        0.0136       46.8846       46.8982      35.878776       0.02204
  20     136.5       11.0176        0.0162       46.8250       46.8411      35.823564       0.02123
  19     162.9       11.0154        0.0193       46.7403       46.7596      35.744227       0.02536
  18     196.4       11.0126        0.0232       46.5732       46.5965      35.583912       0.04035
  17     218.7       11.0108        0.0258       46.3491       46.3749      35.364139       0.08344
  16     243.0       11.0089        0.0285       45.9309       45.9593      34.950437       0.14349
  15     269.0       11.0071        0.0312       45.1716       45.2027      34.195594       0.24487
  14     297.5       11.0055        0.0338       44.0121       44.0458      33.040294       0.34265
  13     328.5       11.0042        0.0364       42.7247       42.7611      31.756858       0.34896
  12     361.9       11.0034        0.0391       41.3543       41.3934      30.390018       0.34582
  11     398.1       11.0033        0.0417       39.7956       39.8373      28.834019       0.36251
  10     437.6       11.0044        0.0441       37.9951       38.0392      27.034820       0.38468
   9     480.5       11.0072        0.0464       36.0650       36.1114      25.104215       0.37916
   8     533.0       11.0138        0.0488       33.7776       33.8264      22.812598       0.36865
   7     589.8       11.0267        0.0509       31.4085       31.4594      20.432729       0.35325
   6     651.6       11.0526        0.0526       28.8836       28.9363      17.883662       0.34859
   5     718.7       11.1003        0.0541       26.4106       26.4647      15.364368       0.31661
   4     792.3       11.1884        0.0553       24.0058       24.0612      12.872795       0.28576
   3     825.4       11.3944        0.0569       21.2997       21.3566       9.962214       0.74291
   2     858.4       11.6312        0.0596       19.7002       19.7598       8.128637       0.46805
   1     891.5       11.9078        0.0627       18.5706       18.6333       6.725535       0.35828
   0    1013.0       12.5568        0.0656       17.1355       17.2011       4.644303       0.14451



 Wavenumbers:  7700. -  8050. cm-1, ATM      1
 LEVEL PRESSURE   UPWARD FLUX   DIFDOWN FLUX  DIRDOWN FLUX  DOWNWARD FLUX   NET FLUX    HEATING RATE
          mb          W/m2          W/m2          W/m2        W/m2          W/m2       degree/day
  51    .06700        6.0837        0.0000       11.1810       11.1810       5.097231       0.00000
  50    .07753        6.0837        0.0000       11.1809       11.1809       5.097210       0.01731
  49    .09103        6.0837        0.0000       11.1809       11.1809       5.097182       0.01697
  48    0.1069        6.0837        0.0000       11.1809       11.1809       5.097151       0.01661
  47    0.1255        6.0838        0.0000       11.1809       11.1809       5.097115       0.01626
  46    0.1487        6.0838        0.0000       11.1808       11.1808       5.097070       0.01650
  45    0.1794        6.0838        0.0000       11.1808       11.1808       5.097008       0.01697
  44    0.2165        6.0838        0.0000       11.1807       11.1807       5.096935       0.01665
  43    0.2613        6.0838        0.0000       11.1806       11.1806       5.096848       0.01634
  42    0.3336        6.0838        0.0000       11.1805       11.1805       5.096705       0.01672
  41    0.4307        6.0839        0.0000       11.1803       11.1804       5.096515       0.01654
  40    0.5894        6.0839        0.0000       11.1801       11.1801       5.096204       0.01652
  39     1.339        6.0841        0.0001       11.1788       11.1789       5.094735       0.01654
  38     1.782        6.0843        0.0001       11.1781       11.1782       5.093871       0.01643
  37     2.292        6.0845        0.0001       11.1772       11.1773       5.092872       0.01655
  36     5.035        6.0847        0.0002       11.1757       11.1759       5.091139       0.00533
  35     6.613        6.0853        0.0003       11.1731       11.1733       5.088060       0.01646
  34     8.786        6.0860        0.0004       11.1695       11.1699       5.083913       0.01611
  33     11.80        6.0870        0.0006       11.1644       11.1649       5.077985       0.01660
  32     15.07        6.0880        0.0007       11.1589       11.1597       5.071625       0.01642
  31     18.79        6.0892        0.0009       11.1528       11.1537       5.064449       0.01627
  30     23.16        6.0907        0.0012       11.1456       11.1467       5.056079       0.01619
  29     28.12        6.0923        0.0015       11.1374       11.1388       5.046522       0.01625
  28     33.73        6.0941        0.0018       11.1282       11.1300       5.035850       0.01605
  27     40.54        6.0964        0.0021       11.1172       11.1194       5.022987       0.01596
  26     48.69        6.0991        0.0026       11.1040       11.1066       5.007526       0.01600
  25     57.69        6.1020        0.0031       11.0896       11.0927       4.990605       0.01586
  24     68.43        6.1056        0.0037       11.0725       11.0762       4.970536       0.01578
  23     81.20        6.1099        0.0044       11.0523       11.0567       4.946747       0.01572
  22     96.49        6.1151        0.0052       11.0284       11.0336       4.918571       0.01555
  21     114.6        6.1212        0.0062       11.0004       11.0066       4.885354       0.01551
  20     136.5        6.1286        0.0074       10.9676       10.9749       4.846309       0.01501
  19     162.9        6.1375        0.0088       10.9290       10.9378       4.800252       0.01472
  18     196.4        6.1493        0.0106       10.8799       10.8905       4.741193       0.01487
  17     218.7        6.1572        0.0118       10.8482       10.8599       4.702764       0.01459
  16     243.0        6.1658        0.0130       10.8140       10.8271       4.661251       0.01440
  15     269.0        6.1754        0.0144       10.7774       10.7918       4.616483       0.01452
  14     297.5        6.1859        0.0159       10.7382       10.7541       4.568229       0.01431
  13     328.5        6.1975        0.0176       10.6962       10.7137       4.516170       0.01415
  12     361.9        6.2105        0.0193       10.6512       10.6705       4.460069       0.01419
  11     398.1        6.2248        0.0212       10.6031       10.6242       4.399418       0.01413
  10     437.6        6.2409        0.0232       10.5513       10.5745       4.333579       0.01408
   9     480.5        6.2590        0.0253       10.4956       10.5210       4.261969       0.01406
   8     533.0        6.2825        0.0280       10.4264       10.4544       4.171865       0.01449
   7     589.8        6.3099        0.0308       10.3500       10.3808       4.070842       0.01499
   6     651.6        6.3428        0.0339       10.2633       10.2972       3.954455       0.01592
   5     718.7        6.3828        0.0371       10.1637       10.2008       3.817978       0.01715
   4     792.3        6.4333        0.0405       10.0457       10.0862       3.652978       0.01892
   3     825.4        6.5163        0.0451        9.8656        9.9106       3.394303       0.06603
   2     858.4        6.6025        0.0495        9.6939        9.7433       3.140780       0.06472
   1     891.5        6.6921        0.0538        9.5289        9.5827       2.890629       0.06387
   0    1013.0        6.8306        0.0588        9.2982        9.3570       2.526380       0.02529



 Wavenumbers:  8050. - 12850. cm-1, ATM      1
 LEVEL PRESSURE   UPWARD FLUX   DIFDOWN FLUX  DIRDOWN FLUX  DOWNWARD FLUX   NET FLUX    HEATING RATE
          mb          W/m2          W/m2          W/m2        W/m2          W/m2       degree/day
  51    .06700       73.5692        0.0000      156.5418      156.5418      82.972538       0.00000
  50    .07753       73.5692        0.0000      156.5417      156.5417      82.972538      -0.00000
  49    .09103       73.5692        0.0001      156.5417      156.5417      82.972538      -0.00000
  48    0.1069       73.5692        0.0001      156.5416      156.5417      82.972538       0.00000
  47    0.1255       73.5691        0.0002      156.5415      156.5417      82.972538      -0.00000
  46    0.1487       73.5691        0.0002      156.5414      156.5416      82.972538       0.00000
  45    0.1794       73.5691        0.0003      156.5413      156.5416      82.972538      -0.00000
  44    0.2165       73.5690        0.0004      156.5412      156.5416      82.972538       0.00000
  43    0.2613       73.5690        0.0005      156.5410      156.5415      82.972538       0.00000
  42    0.3336       73.5689        0.0007      156.5407      156.5414      82.972538      -0.00000
  41    0.4307       73.5687        0.0010      156.5403      156.5413      82.972538       0.00000
  40    0.5894       73.5685        0.0014      156.5397      156.5411      82.972538      -0.00000
  39     1.339       73.5676        0.0034      156.5367      156.5401      82.972538      -0.00000
  38     1.782       73.5670        0.0046      156.5350      156.5395      82.972538       0.00000
  37     2.292       73.5664        0.0059      156.5330      156.5389      82.972538       0.00000
  36     5.035       73.5652        0.0083      156.5295      156.5377      82.972538      -0.00000
  35     6.613       73.5632        0.0124      156.5233      156.5357      82.972538      -0.00000
  34     8.786       73.5605        0.0181      156.5149      156.5330      82.972538       0.00000
  33     11.80       73.5565        0.0261      156.5029      156.5291      82.972538       0.00000
  32     15.07       73.5523        0.0348      156.4901      156.5249      82.972538       0.00000
  31     18.79       73.5476        0.0446      156.4755      156.5201      82.972538       0.00000
  30     23.16       73.5420        0.0561      156.4585      156.5146      82.972538      -0.00000
  29     28.12       73.5357        0.0692      156.4390      156.5082      82.972538      -0.00000
  28     33.73       73.5285        0.0839      156.4171      156.5011      82.972538       0.00000
  27     40.54       73.5199        0.1017      156.3907      156.4925      82.972538       0.00000
  26     48.69       73.5095        0.1232      156.3588      156.4820      82.972538      -0.00000
  25     57.69       73.4980        0.1469      156.3237      156.4706      82.972538       0.00000
  24     68.43       73.4844        0.1751      156.2818      156.4569      82.972538       0.00000
  23     81.20       73.4680        0.2087      156.2319      156.4406      82.972538      -0.00000
  22     96.49       73.4485        0.2489      156.1722      156.4211      82.972538       0.00000
  21     114.6       73.4255        0.2967      156.0952      156.3919      82.966378       0.00288
  20     136.5       73.3981        0.3534      156.0034      156.3568      82.958733       0.00294
  19     162.9       73.3654        0.4211      155.8903      156.3114      82.946027       0.00406
  18     196.4       73.3230        0.5092      155.7272      156.2364      82.913387       0.00822
  17     218.7       73.2951        0.5671      155.5805      156.1476      82.852460       0.02313
  16     243.0       73.2652        0.6300      155.3439      155.9739      82.708733       0.04985
  15     269.0       73.2333        0.6980      154.9586      155.6566      82.423362       0.09257
  14     297.5       73.2001        0.7712      154.3968      155.1680      81.967888       0.13509
  13     328.5       73.1660        0.8501      153.7223      154.5724      81.406399       0.15267
  12     361.9       73.1316        0.9347      152.9159      153.8506      80.718986       0.17392
  11     398.1       73.0984        1.0252      151.9057      152.9309      79.832487       0.20653
  10     437.6       73.0687        1.1213      150.6102      151.7316      78.662817       0.25008
   9     480.5       73.0454        1.2229      149.0084      150.2313      77.185926       0.29006
   8     533.0       73.0325        1.3456      146.7445      148.0901      75.057551       0.34239
   7     589.8       73.0476        1.4739      143.8798      145.3537      72.306122       0.40840
   6     651.6       73.1237        1.6053      140.1022      141.7074      68.583728       0.50905
   5     718.7       73.3024        1.7384      135.5343      137.2727      63.970298       0.57978
   4     792.3       73.6727        1.8702      130.0753      131.9455      58.272794       0.65344
   3     825.4       74.5873        2.0314      122.3099      124.3413      49.753980       2.17438
   2     858.4       75.6355        2.1967      116.7472      118.9439      43.308428       1.64534
   1     891.5       76.8436        2.3628      112.3887      114.7515      37.907935       1.37899
   0    1013.0       79.5763        2.5400      106.4686      109.0086      29.432325       0.58851



 Wavenumbers: 12850. - 16000. cm-1, ATM      1
 LEVEL PRESSURE   UPWARD FLUX   DIFDOWN FLUX  DIRDOWN FLUX  DOWNWARD FLUX   NET FLUX    HEATING RATE
          mb          W/m2          W/m2          W/m2        W/m2          W/m2       degree/day
  51    .06700       69.3165        0.0000       98.0872       98.0872      28.770719       0.00000
  50    .07753       69.3165        0.0001       98.0864       98.0864      28.769930       0.63221
  49    .09103       69.3165        0.0002       98.0853       98.0854      28.768940       0.61882
  48    0.1069       69.3165        0.0002       98.0841       98.0843      28.767803       0.60513
  47    0.1255       69.3165        0.0004       98.0826       98.0830      28.766498       0.59169
  46    0.1487       69.3165        0.0005       98.0809       98.0814      28.764852       0.59986
  45    0.1794       69.3165        0.0007       98.0784       98.0791      28.762616       0.61399
  44    0.2165       69.3166        0.0009       98.0756       98.0765      28.759988       0.59781
  43    0.2613       69.3166        0.0012       98.0723       98.0735      28.756901       0.58178
  42    0.3336       69.3168        0.0016       98.0670       98.0687      28.751872       0.58637
  41    0.4307       69.3170        0.0022       98.0602       98.0624      28.745381       0.56441
  40    0.5894       69.3176        0.0032       98.0496       98.0528      28.735181       0.54242
  39     1.339       69.3227        0.0078       98.0043       98.0121      28.689443       0.51492
  38     1.782       69.3275        0.0105       97.9793       97.9898      28.662298       0.51680
  37     2.292       69.3347        0.0136       97.9498       97.9634      28.628704       0.55641
  36     5.035       69.3541        0.0190       97.8891       97.9081      28.553972       0.22993
  35     6.613       69.3952        0.0286       97.7746       97.8032      28.407949       0.78064
  34     8.786       69.4486        0.0415       97.6278       97.6692      28.220588       0.72764
  33     11.80       69.5181        0.0599       97.4339       97.4937      27.975665       0.68571
  32     15.07       69.5844        0.0796       97.2433       97.3229      27.738502       0.61231
  31     18.79       69.6520        0.1019       97.0439       97.1458      27.493805       0.55480
  30     23.16       69.7224        0.1280       96.8292       96.9571      27.234722       0.50098
  29     28.12       69.7930        0.1577       96.6048       96.7625      26.969460       0.45093
  28     33.73       69.8578        0.1909       96.3831       96.5740      26.716172       0.38083
  27     40.54       69.9197        0.2311       96.1494       96.3805      26.460721       0.31692
  26     48.69       69.9783        0.2795       95.9016       96.1812      26.202822       0.26689
  25     57.69       70.0272        0.3327       95.6629       95.9957      25.968436       0.21970
  24     68.43       70.0686        0.3961       95.4149       95.8110      25.742376       0.17771
  23     81.20       70.0949        0.4717       95.1674       95.6390      25.544126       0.13100
  22     96.49       70.1049        0.5618       94.9172       95.4790      25.374076       0.09386
  21     114.6       70.1205        0.6700       94.6421       95.3121      25.191618       0.08519
  20     136.5       70.1287        0.7983       94.3324       95.1307      25.001947       0.07293
  19     162.9       70.1289        0.9510       93.9750       94.9260      24.797042       0.06550
  18     196.4       70.1092        1.1490       93.5336       94.6826      24.573457       0.05628
  17     218.7       70.0888        1.2790       93.2498       94.5288      24.439946       0.05069
  16     243.0       70.0635        1.4203       92.9420       94.3623      24.298760       0.04897
  15     269.0       70.0329        1.5733       92.6087       94.1820      24.149128       0.04854
  14     297.5       69.9972        1.7388       92.2464       93.9852      23.988026       0.04778
  13     328.5       69.9579        1.9175       91.8517       93.7692      23.811283       0.04806
  12     361.9       69.9156        2.1099       91.4219       93.5318      23.616170       0.04937
  11     398.1       69.8708        2.3169       90.9524       93.2694      23.398507       0.05071
  10     437.6       69.8255        2.5392       90.4358       92.9750      23.149492       0.05324
   9     480.5       69.7812        2.7772       89.8659       92.6431      22.861947       0.05647
   8     533.0       69.7356        3.0700       89.1347       92.2047      22.469190       0.06318
   7     589.8       69.7038        3.3848       88.2943       91.6791      21.975333       0.07330
   6     651.6       69.7064        3.7216       87.2867       91.0083      21.301878       0.09210
   5     718.7       69.7554        4.0783       86.1028       90.1812      20.425733       0.11011
   4     792.3       69.8929        4.4515       84.6812       89.1327      19.239814       0.13601
   3     825.4       70.2615        4.9390       82.5439       87.4829      17.221396       0.51519
   2     858.4       70.6773        5.4176       80.6265       86.0441      15.366750       0.47343
   1     891.5       71.1440        5.8885       78.8732       84.7618      13.617741       0.44660
   0    1013.0       72.1079        6.4287       76.5207       82.9494      10.841481       0.19277



 Wavenumbers: 16000. - 22650. cm-1, ATM      1
 LEVEL PRESSURE   UPWARD FLUX   DIFDOWN FLUX  DIRDOWN FLUX  DOWNWARD FLUX   NET FLUX    HEATING RATE
          mb          W/m2          W/m2          W/m2        W/m2          W/m2       degree/day
  51    .06700      138.6545        0.0000      156.3892      156.3892      17.734791       0.00000
  50    .07753      138.6544        0.0004      156.3887      156.3891      17.734645       0.11710
  49    .09103      138.6544        0.0009      156.3879      156.3888      17.734433       0.13282
  48    0.1069      138.6544        0.0015      156.3871      156.3885      17.734148       0.15146
  47    0.1255      138.6544        0.0021      156.3861      156.3882      17.733767       0.17264
  46    0.1487      138.6544        0.0029      156.3847      156.3877      17.733206       0.20458
  45    0.1794      138.6546        0.0041      156.3828      156.3869      17.732329       0.24088
  44    0.2165      138.6548        0.0054      156.3805      156.3859      17.731138       0.27072
  43    0.2613      138.6551        0.0070      156.3776      156.3846      17.729524       0.30435
  42    0.3336      138.6558        0.0096      156.3726      156.3822      17.726454       0.35792
  41    0.4307      138.6570        0.0131      156.3657      156.3788      17.721827       0.40234
  40    0.5894      138.6594        0.0187      156.3537      156.3724      17.713002       0.46931
  39     1.339      138.6812        0.0456      156.2834      156.3290      17.647801       0.73404
  38     1.782      138.7014        0.0613      156.2324      156.2937      17.592258       1.05744
  37     2.292      138.7318        0.0796      156.1641      156.2437      17.511860       1.33160
  36     5.035      138.8136        0.1112      156.0076      156.1187      17.305160       0.63596
  35     6.613      138.9858        0.1673      155.6950      155.8623      16.876460       2.29183
  34     8.786      139.2101        0.2427      155.2860      155.5287      16.318651       2.16633
  33     11.80      139.5018        0.3505      154.7422      155.0927      15.590900       2.03747
  32     15.07      139.7811        0.4661      154.2059      154.6720      14.890875       1.80733
  31     18.79      140.0661        0.5964      153.6432      154.2396      14.173467       1.62659
  30     23.16      140.3638        0.7483      153.0352      153.7835      13.419711       1.45752
  29     28.12      140.6630        0.9218      152.3965      153.3184      12.655338       1.29938
  28     33.73      140.9388        1.1158      151.7604      152.8762      11.937419       1.07941
  27     40.54      141.2035        1.3498      151.0815      152.4314      11.227912       0.88022
  26     48.69      141.4561        1.6317      150.3500      151.9817      10.525548       0.72684
  25     57.69      141.6694        1.9409      149.6296      151.5705       9.901126       0.58530
  24     68.43      141.8541        2.3087      148.8604      151.1691       9.315006       0.46077
  23     81.20      141.9792        2.7466      148.0628      150.8093       8.830185       0.32036
  22     96.49      142.0400        3.2678      147.2220      150.4898       8.449752       0.20997
  21     114.6      142.0675        3.8848      146.2838      150.1686       8.101107       0.16279
  20     136.5      142.0693        4.6133      145.2142      149.8274       7.758155       0.13187
  19     162.9      142.0436        5.4766      143.9816      149.4582       7.414644       0.10980
  18     196.4      141.9500        6.5905      142.4652      149.0557       7.105720       0.07776
  17     218.7      141.8665        7.3184      141.5017      148.8201       6.953551       0.05777
  16     243.0      141.7656        8.1061      140.4717      148.5779       6.812250       0.04901
  15     269.0      141.6457        8.9559      139.3740      148.3299       6.684247       0.04152
  14     297.5      141.5060        9.8698      138.2062      148.0760       6.569954       0.03390
  13     328.5      141.3505       10.8519      136.9574      147.8093       6.458857       0.03021
  12     361.9      141.1787       11.9033      135.6265      147.5298       6.351128       0.02726
  11     398.1      140.9901       13.0279      134.2081      147.2361       6.245949       0.02450
  10     437.6      140.7856       14.2278      132.6981      146.9259       6.140305       0.02259
   9     480.5      140.5644       15.5049      131.0935      146.5984       6.034006       0.02088
   8     533.0      140.2918       17.0646      129.1351      146.1997       5.907955       0.02028
   7     589.8      140.0008       18.7309      127.0392      145.7701       5.769344       0.02057
   6     651.6      139.6965       20.5054      124.7944      145.2998       5.603295       0.02271
   5     718.7      139.3840       22.3898      122.3908      144.7806       5.396567       0.02598
   4     792.3      139.0776       24.3819      119.8121      144.1940       5.116435       0.03213
   3     825.4      138.7301       27.0265      116.3088      143.3353       4.605201       0.13049
   2     858.4      138.4094       29.5852      112.9219      142.5071       4.097675       0.12956
   1     891.5      138.1139       32.0615      109.6474      141.7089       3.595021       0.12835
   0    1013.0      137.8740       34.9696      105.7039      140.6734       2.799401       0.05524



 Wavenumbers: 22650. - 29000. cm-1, ATM      1
 LEVEL PRESSURE   UPWARD FLUX   DIFDOWN FLUX  DIRDOWN FLUX  DOWNWARD FLUX   NET FLUX    HEATING RATE
          mb          W/m2          W/m2          W/m2        W/m2          W/m2       degree/day
  51    .06700       57.9650        0.0000       59.0156       59.0156       1.050567       0.00000
  50    .07753       57.9650        0.0005       59.0151       59.0155       1.050567      -0.00000
  49    .09103       57.9648        0.0010       59.0144       59.0154       1.050567      -0.00000
  48    0.1069       57.9647        0.0017       59.0136       59.0153       1.050567       0.00000
  47    0.1255       57.9646        0.0025       59.0127       59.0151       1.050567       0.00000
  46    0.1487       57.9644        0.0034       59.0115       59.0149       1.050567      -0.00000
  45    0.1794       57.9641        0.0048       59.0099       59.0147       1.050567      -0.00000
  44    0.2165       57.9638        0.0063       59.0080       59.0144       1.050567       0.00000
  43    0.2613       57.9634        0.0082       59.0058       59.0140       1.050567       0.00000
  42    0.3336       57.9628        0.0112       59.0022       59.0134       1.050567       0.00000
  41    0.4307       57.9620        0.0153       58.9973       59.0126       1.050567      -0.00000
  40    0.5894       57.9607        0.0219       58.9894       59.0113       1.050567       0.00000
  39     1.339       57.9545        0.0533       58.9518       59.0050       1.050567      -0.00000
  38     1.782       57.9508        0.0717       58.9297       59.0014       1.050567       0.00000
  37     2.292       57.9466        0.0930       58.9042       58.9972       1.050567       0.00000
  36     5.035       57.9393        0.1300       58.8599       58.9898       1.050567      -0.00000
  35     6.613       57.9262        0.1956       58.7812       58.9768       1.050567       0.00000
  34     8.786       57.9087        0.2839       58.6754       58.9593       1.050567      -0.00000
  33     11.80       57.8837        0.4101       58.5242       58.9342       1.050567      -0.00000
  32     15.07       57.8568        0.5453       58.3621       58.9074       1.050567       0.00000
  31     18.79       57.8266        0.6978       58.1794       58.8771       1.050567       0.00000
  30     23.16       57.7913        0.8754       57.9665       58.8419       1.050567      -0.00000
  29     28.12       57.7511        1.0780       57.7237       58.8017       1.050567      -0.00000
  28     33.73       57.7062        1.3038       57.4530       58.7568       1.050567       0.00000
  27     40.54       57.6523        1.5756       57.1272       58.7028       1.050567      -0.00000
  26     48.69       57.5875        1.9015       56.7366       58.6381       1.050567       0.00000
  25     57.69       57.5168        2.2573       56.3100       58.5673       1.050567       0.00000
  24     68.43       57.4331        2.6780       55.8057       58.4837       1.050567      -0.00000
  23     81.20       57.3342        3.1748       55.2100       58.3848       1.050567       0.00000
  22     96.49       57.2176        3.7605       54.5077       58.2682       1.050567       0.00000
  21     114.6       57.0809        4.4470       53.6845       58.1314       1.050567      -0.00000
  20     136.5       56.9211        5.2481       52.7236       57.9717       1.050567       0.00000
  19     162.9       56.7342        6.1845       51.6003       57.7848       1.050567      -0.00000
  18     196.4       56.4971        7.3707       50.1770       57.5477       1.050567      -0.00000
  17     218.7       56.3446        8.1328       49.2623       57.3951       1.050567       0.00000
  16     243.0       56.1815        8.9464       48.2857       57.2321       1.050567      -0.00000
  15     269.0       56.0081        9.8111       47.2476       57.0587       1.050567      -0.00000
  14     297.5       55.8243       10.7258       46.1491       56.8749       1.050567       0.00000
  13     328.5       55.6299       11.6921       44.9884       56.6805       1.050567       0.00000
  12     361.9       55.4254       12.7072       43.7687       56.4759       1.050567      -0.00000
  11     398.1       55.2105       13.7713       42.4898       56.2611       1.050567       0.00000
  10     437.6       54.9858       14.8822       41.1542       56.0363       1.050567      -0.00000
   9     480.5       54.7515       16.0374       39.7647       55.8021       1.050567       0.00000
   8     533.0       54.4722       17.4110       38.1118       55.5228       1.050567       0.00000
   7     589.8       54.1818       18.8346       36.3978       55.2324       1.050567       0.00000
   6     651.6       53.8816       20.3007       34.6314       54.9321       1.050567       0.00000
   5     718.7       53.5724       21.8038       32.8192       54.6230       1.050567       0.00000
   4     792.3       53.2560       23.3350       30.9715       54.3066       1.050567      -0.00000
   3     825.4       52.8511       25.2817       28.6200       53.9017       1.050567       0.00000
   2     858.4       52.4769       27.0669       26.4605       53.5275       1.050567      -0.00000
   1     891.5       52.1307       28.7049       24.4763       53.1812       1.050567       0.00000
   0    1013.0       51.7417       30.5259       22.2665       52.7923       1.050567       0.00000



 Wavenumbers: 29000. - 38000. cm-1, ATM      1
 LEVEL PRESSURE   UPWARD FLUX   DIFDOWN FLUX  DIRDOWN FLUX  DOWNWARD FLUX   NET FLUX    HEATING RATE
          mb          W/m2          W/m2          W/m2        W/m2          W/m2       degree/day
  51    .06700        8.7354        0.0000       20.8114       20.8114      12.075972       0.00000
  50    .07753        8.7352        0.0003       20.8070       20.8074      12.072165       3.05166
  49    .09103        8.7350        0.0007       20.8009       20.8016      12.066628       3.46098
  48    0.1069        8.7347        0.0012       20.7928       20.7939      12.059218       3.94444
  47    0.1255        8.7344        0.0017       20.7820       20.7837      12.049312       4.49051
  46    0.1487        8.7341        0.0024       20.7665       20.7688      12.034749       5.30865
  45    0.1794        8.7336        0.0033       20.7424       20.7457      12.012083       6.22228
  44    0.2165        8.7331        0.0044       20.7103       20.7147      11.981559       6.94368
  43    0.2613        8.7325        0.0056       20.6675       20.6731      11.940563       7.72764
  42    0.3336        8.7316        0.0077       20.5880       20.5956      11.863999       8.92663
  41    0.4307        8.7306        0.0104       20.4722       20.4826      11.752041       9.73445
  40    0.5894        8.7290        0.0147       20.2637       20.2784      11.549348      10.77896
  39     1.339        8.7257        0.0331       19.0984       19.1315      10.405802      12.87425
  38     1.782        8.7262        0.0427       18.4394       18.4820       9.755822      12.37456
  37     2.292        8.7290        0.0530       17.7714       17.8244       9.095406      10.93821
  36     5.035        8.7416        0.0691       16.7265       16.7956       8.054000       3.20413
  35     6.613        8.7712        0.0962       15.5186       15.6148       6.843581       6.47090
  34     8.786        8.8109        0.1315       14.5590       14.6905       5.879573       3.74386
  33     11.80        8.8630        0.1802       13.7000       13.8802       5.017265       2.41419
  32     15.07        8.9133        0.2303       13.0749       13.3052       4.391947       1.61445
  31     18.79        8.9653        0.2855       12.5486       12.8341       3.868774       1.18619
  30     23.16        9.0207        0.3482       12.0732       12.4213       3.400667       0.90517
  29     28.12        9.0774        0.4181       11.6423       12.0604       2.983046       0.70993
  28     33.73        9.1297        0.4951       11.2628       11.7579       2.628191       0.53353
  27     40.54        9.1791        0.5869       10.8969       11.4837       2.304602       0.40145
  26     48.69        9.2256        0.6956       10.5353       11.2309       2.005304       0.30973
  25     57.69        9.2634        0.8132       10.2040       11.0172       1.753792       0.23575
  24     68.43        9.2936        0.9510        9.8713       10.8223       1.528698       0.17695
  23     81.20        9.3070        1.1136        9.5431       10.6567       1.349649       0.11831
  22     96.49        9.3017        1.3046        9.2107       10.5153       1.213622       0.07508
  21     114.6        9.2858        1.5252        8.8533       10.3785       1.092752       0.05644
  20     136.5        9.2621        1.7773        8.4618       10.2390       0.976980       0.04452
  19     162.9        9.2307        2.0643        8.0302       10.0945       0.863829       0.03617
  18     196.4        9.1793        2.4197        7.5240        9.9437       0.764428       0.02502
  17     218.7        9.1425        2.6431        7.2154        9.8585       0.716030       0.01838
  16     243.0        9.1023        2.8765        6.8972        9.7737       0.671396       0.01548
  15     269.0        9.0584        3.1191        6.5707        9.6898       0.631371       0.01298
  14     297.5        9.0109        3.3696        6.2374        9.6070       0.596136       0.01045
  13     328.5        8.9612        3.6273        5.8964        9.5236       0.562448       0.00916
  12     361.9        8.9097        3.8893        5.5509        9.4402       0.530456       0.00809
  11     398.1        8.8567        4.1553        5.2016        9.3569       0.500186       0.00705
  10     437.6        8.8025        4.4236        4.8500        9.2736       0.471053       0.00623
   9     480.5        8.7476        4.6921        4.4990        9.1910       0.443447       0.00542
   8     533.0        8.6842        4.9977        4.0999        9.0976       0.413412       0.00483
   7     589.8        8.6212        5.2986        3.7070        9.0056       0.384395       0.00431
   6     651.6        8.5595        5.5908        3.3248        8.9156       0.356073       0.00387
   5     718.7        8.4996        5.8728        2.9551        8.8280       0.328403       0.00348
   4     792.3        8.4421        6.1412        2.6023        8.7435       0.301390       0.00310
   3     825.4        8.3745        6.4555        2.1872        8.6427       0.268139       0.00849
   2     858.4        8.3197        6.7160        1.8390        8.5550       0.235376       0.00836
   1     891.5        8.2758        6.9320        1.5468        8.4788       0.202997       0.00827
   0    1013.0        8.2332        7.1479        1.2525        8.4004       0.167168       0.00249



 Wavenumbers: 38000. - 50000. cm-1, ATM      1
 LEVEL PRESSURE   UPWARD FLUX   DIFDOWN FLUX  DIRDOWN FLUX  DOWNWARD FLUX   NET FLUX    HEATING RATE
          mb          W/m2          W/m2          W/m2        W/m2          W/m2       degree/day
  51    .06700        0.0061        0.0000        1.2836        1.2836       1.277566       0.00000
  50    .07753        0.0060        0.0001        1.2812        1.2812       1.275231       1.87147
  49    .09103        0.0059        0.0002        1.2777        1.2778       1.271899       2.08243
  48    0.1069        0.0058        0.0002        1.2731        1.2734       1.267521       2.33056
  47    0.1255        0.0058        0.0004        1.2672        1.2675       1.261766       2.60905
  46    0.1487        0.0056        0.0005        1.2586        1.2591       1.253440       3.03495
  45    0.1794        0.0055        0.0007        1.2455        1.2462       1.240672       3.50516
  44    0.2165        0.0053        0.0009        1.2282        1.2291       1.223746       3.85033
  43    0.2613        0.0051        0.0011        1.2054        1.2065       1.201398       4.21256
  42    0.3336        0.0048        0.0015        1.1639        1.1654       1.160574       4.75965
  41    0.4307        0.0044        0.0020        1.1051        1.1070       1.102615       5.03937
  40    0.5894        0.0039        0.0026        1.0039        1.0064       1.002575       5.32000
  39     1.339        0.0022        0.0035        0.5438        0.5473       0.545166       5.14960
  38     1.782        0.0016        0.0032        0.3635        0.3666       0.365077       3.42860
  37     2.292        0.0011        0.0027        0.2356        0.2383       0.237147       2.11885
  36     5.035        0.0007        0.0019        0.1180        0.1199       0.119172       0.36298
  35     6.613        0.0004        0.0013        0.0504        0.0516       0.051220       0.36327
  34     8.786        0.0002        0.0009        0.0239        0.0248       0.024556       0.10355
  33     11.80        0.0001        0.0006        0.0105        0.0110       0.010913       0.03820
  32     15.07        0.0001        0.0004        0.0048        0.0052       0.005151       0.01488
  31     18.79        0.0000        0.0002        0.0022        0.0024       0.002406       0.00622
  30     23.16        0.0000        0.0001        0.0010        0.0011       0.001079       0.00257
  29     28.12        0.0000        0.0001        0.0004        0.0005       0.000469       0.00104
  28     33.73        0.0000        0.0000        0.0002        0.0002       0.000205       0.00040
  27     40.54        0.0000        0.0000        0.0001        0.0001       0.000083       0.00015
  26     48.69        0.0000        0.0000        0.0000        0.0000       0.000031       0.00005
  25     57.69        0.0000        0.0000        0.0000        0.0000       0.000011       0.00002
  24     68.43        0.0000        0.0000        0.0000        0.0000       0.000004       0.00001
  23     81.20        0.0000        0.0000        0.0000        0.0000       0.000001       0.00000
  22     96.49        0.0000        0.0000        0.0000        0.0000       0.000000       0.00000
  21     114.6        0.0000        0.0000        0.0000        0.0000       0.000000       0.00000
  20     136.5        0.0000        0.0000        0.0000        0.0000       0.000000       0.00000
  19     162.9        0.0000        0.0000        0.0000        0.0000       0.000000       0.00000
  18     196.4        0.0000        0.0000        0.0000        0.0000       0.000000       0.00000
  17     218.7        0.0000        0.0000        0.0000        0.0000       0.000000       0.00000
  16     243.0        0.0000        0.0000        0.0000        0.0000       0.000000       0.00000
  15     269.0        0.0000        0.0000        0.0000        0.0000       0.000000       0.00000
  14     297.5        0.0000        0.0000        0.0000        0.0000       0.000000       0.00000
  13     328.5        0.0000        0.0000        0.0000        0.0000       0.000000       0.00000
  12     361.9        0.0000        0.0000        0.0000        0.0000       0.000000       0.00000
  11     398.1        0.0000        0.0000        0.0000        0.0000       0.000000       0.00000
  10     437.6        0.0000        0.0000        0.0000        0.0000       0.000000       0.00000
   9     480.5        0.0000        0.0000        0.0000        0.0000       0.000000       0.00000
   8     533.0        0.0000        0.0000        0.0000        0.0000       0.000000       0.00000
   7     589.8        0.0000        0.0000        0.0000        0.0000       0.000000       0.00000
   6     651.6        0.0000        0.0000        0.0000        0.0000       0.000000       0.00000
   5     718.7        0.0000        0.0000        0.0000        0.0000       0.000000       0.00000
   4     792.3        0.0000        0.0000        0.0000        0.0000       0.000000       0.00000
   3     825.4        0.0000        0.0000        0.0000        0.0000       0.000000       0.00000
   2     858.4        0.0000        0.0000        0.0000        0.0000       0.000000       0.00000
   1     891.5        0.0000        0.0000        0.0000        0.0000       0.000000       0.00000
   0    1013.0        0.0000        0.0000        0.0000        0.0000       0.000000       0.00000



 Wavenumbers:   820. -  2600. cm-1, ATM      1
 LEVEL PRESSURE   UPWARD FLUX   DIFDOWN FLUX  DIRDOWN FLUX  DOWNWARD FLUX   NET FLUX    HEATING RATE
          mb          W/m2          W/m2          W/m2        W/m2          W/m2       degree/day
  51    .06700        0.5630        0.0000        6.0047        6.0047       5.441636       0.00000
  50    .07753        0.5630        0.0000        6.0008        6.0008       5.437783       3.08820
  49    .09103        0.5630        0.0000        5.9999        5.9999       5.436897       0.55356
  48    0.1069        0.5630        0.0000        5.9989        5.9989       5.435908       0.52651
  47    0.1255        0.5630        0.0000        5.9978        5.9978       5.434791       0.50648
  46    0.1487        0.5630        0.0000        5.9964        5.9964       5.433434       0.49455
  45    0.1794        0.5630        0.0000        5.9947        5.9947       5.431715       0.47198
  44    0.2165        0.5630        0.0000        5.9929        5.9929       5.429873       0.41908
  43    0.2613        0.5630        0.0000        5.9909        5.9909       5.427914       0.36931
  42    0.3336        0.5630        0.0000        5.9880        5.9880       5.425036       0.33554
  41    0.4307        0.5630        0.0000        5.9846        5.9846       5.421566       0.30163
  40    0.5894        0.5630        0.0000        5.9791        5.9791       5.416062       0.29274
  39     1.339        0.5630        0.0000        5.9536        5.9536       5.390576       0.28692
  38     1.782        0.5630        0.0000        5.9395        5.9395       5.376439       0.26915
  37     2.292        0.5630        0.0000        5.9237        5.9237       5.360689       0.26086
  36     5.035        0.5630        0.0000        5.8954        5.8954       5.332422       0.08697
  35     6.613        0.5630        0.0000        5.8469        5.8469       5.283926       0.25926
  34     8.786        0.5630        0.0000        5.7915        5.7915       5.228496       0.21527
  33     11.80        0.5630        0.0000        5.7245        5.7245       5.161444       0.18772
  32     15.07        0.5630        0.0000        5.6684        5.6684       5.105418       0.14465
  31     18.79        0.5630        0.0000        5.6231        5.6231       5.060024       0.10292
  30     23.16        0.5630        0.0000        5.5871        5.5871       5.024059       0.06955
  29     28.12        0.5630        0.0000        5.5583        5.5583       4.995252       0.04897
  28     33.73        0.5631        0.0000        5.5327        5.5328       4.969700       0.03842
  27     40.54        0.5631        0.0000        5.5051        5.5051       4.942010       0.03435
  26     48.69        0.5631        0.0000        5.4733        5.4733       4.910269       0.03285
  25     57.69        0.5631        0.0000        5.4393        5.4394       4.876275       0.03186
  24     68.43        0.5631        0.0000        5.3998        5.3999       4.836761       0.03106
  23     81.20        0.5631        0.0000        5.3545        5.3546       4.791453       0.02994
  22     96.49        0.5631        0.0000        5.3027        5.3027       4.739626       0.02860
  21     114.6        0.5631        0.0000        5.2431        5.2431       4.679947       0.02787
  20     136.5        0.5632        0.0000        5.1754        5.1755       4.612290       0.02602
  19     162.9        0.5632        0.0000        5.0924        5.0924       4.529174       0.02657
  18     196.4        0.5633        0.0000        4.9695        4.9695       4.406246       0.03094
  17     218.7        0.5633        0.0000        4.8606        4.8606       4.297276       0.04137
  16     243.0        0.5635        0.0000        4.7093        4.7093       4.145880       0.05251
  15     269.0        0.5636        0.0000        4.5352        4.5352       3.971547       0.05655
  14     297.5        0.5639        0.0000        4.3425        4.3426       3.778637       0.05721
  13     328.5        0.5644        0.0000        4.1286        4.1286       3.564284       0.05828
  12     361.9        0.5649        0.0000        3.8790        3.8791       3.314146       0.06329
  11     398.1        0.5657        0.0000        3.6162        3.6162       3.050549       0.06141
  10     437.6        0.5667        0.0000        3.3761        3.3761       2.809378       0.05156
   9     480.5        0.5680        0.0000        3.1959        3.1959       2.627924       0.03564
   8     533.0        0.5701        0.0000        3.0468        3.0468       2.476756       0.02432
   7     589.8        0.5732        0.0000        2.9024        2.9024       2.329194       0.02190
   6     651.6        0.5791        0.0000        2.7184        2.7184       2.139315       0.02597
   5     718.7        0.5896        0.0000        2.5059        2.5059       1.916348       0.02802
   4     792.3        0.6089        0.0000        2.2757        2.2757       1.666786       0.02862
   3     825.4        0.6559        0.0000        1.9665        1.9665       1.310677       0.09089
   2     858.4        0.7100        0.0000        1.7421        1.7422       1.032189       0.07109
   1     891.5        0.7725        0.0000        1.5543        1.5544       0.781845       0.06392
   0    1013.0        0.9202        0.0000        1.2606        1.2606       0.340366       0.03065

  Modules and versions used in this calculation:

       rrtmg_sw.1col.f90:  $Revision$                    rrtmg_sw_init.f90:  $Revision$        
     rrtmgsw_cldprop.f90:  $Revision$                  rrtmgsw_cldprmc.f90:  NOT USED          
     rrtmg_sw_reftra.f90:  $Revision$                  rrtmg_sw_spcvrt.f90:  NOT USED          
     rrtmg_sw_spcvmc.f90:  NOT USED                    rrtmgsw_setcoef.f90:  NOT USED          
     rrtmg_sw_taumol.f90:  $Revision$                  rrtmg_sw_vrtqdr.f90:  NOT USED          
                rrtatm.f:  NOT USED                             util_xxx.f:  NOT USED          
                 extra.f:  NOT USED                       rrtmg_sw_k_g.f90:  $Revision$        

